0.609907865524292
0.7080239653587341
0.7966289520263672	0.7544055581092834	0.598823606967926	0.6971756815910339	0.7658190131187439	0.6243587136268616	0.7622424364089966	0.7068933248519897
0.7721713185310364	0.5957825779914856	0.8525111675262451	0.5722092390060425	0.6972326040267944	0.7712662220001221	0.7801417708396912	0.7366116642951965
0.5329576730728149
0.8212305903434753	0.7612437009811401	0.7657651901245117	0.8543432354927063
0.512991726398468
0.6627653241157532	0.6177013516426086	0.6779075860977173	0.65444016456604	0.5417020916938782	0.5666671991348267	0.6801092028617859	0.5622929930686951
0.3423498272895813
0.6675952076911926	0.5408067107200623	0.6202216148376465	0.6265773773193359	0.5154337286949158	0.5868489146232605	0.5487323999404907
0.6221599578857422	0.6296099424362183	0.6314865946769714	0.6060705780982971	0.6040230989456177	0.6111168265342712
0.6061500906944275
0.623081386089325
0.5020306706428528	0.5802578926086426	0.6659913659095764	0.5483176112174988	0.5059174299240112
0.5556535720825195
0.56487637758255
0.7022712826728821
0.5749911665916443	0.570958137512207	0.560797929763794	0.6132004261016846
0.6197274923324585	0.6221303343772888	0.55948406457901	0.6743913888931274	0.6959646344184875	0.6231340765953064	0.6022176742553711	0.6058735251426697
0.5355241894721985	0.6536542177200317	0.6613089442253113	0.6619182229042053	0.6800605058670044
0.6588236689567566
0.6723699569702148
0.8389182090759277	0.8389182090759277	0.7769988775253296	0.6723377704620361	0.7769988775253296
0.5995855927467346	0.4121006727218628
0.6932741403579712
0.511982262134552	0.6951268315315247	0.606145977973938	0.46810251474380493	0.5384604930877686
0.6966897249221802	0.6822351813316345	0.6333057284355164	0.6840299963951111
0.6376938223838806	0.6078588962554932	0.5620750188827515	0.5982846617698669	0.6553505063056946	0.5821899771690369	0.6028800010681152
0.5696606636047363	0.5790119171142578
0.589146077632904	0.599974513053894	0.6019880771636963
0.728324830532074	0.8442065119743347	0.6905693411827087	0.6803778409957886	0.6496670246124268	0.7327367067337036	0.7423506379127502	0.6841996312141418
0.594841718673706	0.7508639693260193	0.6941410303115845	0.6756126284599304
0.5980061292648315	0.6481401920318604	0.7939152717590332	0.7271696329116821	0.7280758023262024	0.6748583912849426
0.7612519860267639	0.8139721751213074
0.40162456035614014
0.5778685808181763	0.5933378338813782	0.6183366775512695
0.5541433095932007
0.7595929503440857	0.7595929503440857	0.7359128594398499	0.645589292049408	0.6350358724594116	0.6771712303161621	0.645589292049408
0.48448681831359863	0.5934350490570068	0.5992453694343567	0.5836173295974731	0.5789874196052551	0.5163296461105347	0.6477712988853455	0.49681997299194336
0.6524051427841187	0.5525957345962524	0.8272168636322021	0.6216961741447449	0.6199271082878113	0.6451708078384399	0.5689540505409241	0.7780892848968506
0.5289227366447449
0.5936809778213501	0.6174668073654175	0.5980611443519592
0.6536215543746948	0.568941593170166	0.7130046486854553	0.6313340067863464	0.6344062089920044	0.6693661212921143
0.7713110446929932	0.6081655025482178	0.7827684283256531	0.6686000823974609	0.7126690745353699	0.6135903596878052	0.6400482058525085
0.41406142711639404	0.3728516697883606
0.6446716785430908	0.6446716785430908	0.7318013906478882	0.56413334608078	0.8046878576278687	0.700265645980835	0.7318013906478882	0.617330014705658
0.4777944087982178
0.614499568939209	0.47828489542007446
0.5535163283348083
0.5859512686729431	0.6991869807243347
0.580045223236084	0.5437235832214355
0.6342827677726746
0.505119800567627	0.6223527193069458	0.6151418685913086	0.6252127289772034	0.626218855381012	0.7597284913063049
0.3706141710281372
0.6413198113441467
0.8359789252281189	0.8037179708480835	0.839659571647644	0.7463671565055847	0.832754373550415	0.7757349014282227	0.7983079552650452
0.5972455739974976
0.5254948139190674
0.6410395503044128
0.6567112803459167
0.5370435118675232	0.5552390217781067	0.5622507929801941	0.5552390217781067
0.5640294551849365
0.7258637547492981	0.8485129475593567	0.7694839835166931	0.7609912753105164	0.8230932950973511	0.9426568150520325	0.8145782947540283	0.877566397190094
0.47502344846725464
0.38534802198410034	0.4003734588623047	0.3824307918548584	0.5255053043365479	0.40793365240097046	0.5266629457473755	0.425232470035553	0.4503995180130005
0.6255865097045898
0.5063664317131042
0.4875909090042114	0.5032711625099182	0.5879582762718201	0.5551913380622864	0.6092997193336487
0.44548141956329346
0.666150689125061
0.531105101108551	0.5843937397003174	0.5645690560340881	0.6090314984321594	0.45334339141845703	0.6006364226341248
0.6317705512046814
0.5271119475364685
0.5906070470809937	0.5718333721160889	0.5067289471626282	0.6705966591835022	0.6369720101356506	0.6844583749771118	0.5515853762626648
0.7295399904251099	0.7365328669548035	0.8134276270866394	0.7425475716590881	0.7063637971878052	0.7805381417274475	0.6616930365562439	0.7615523934364319
0.6848852634429932	0.5898250937461853	0.6415074467658997	0.6228644251823425	0.6362974047660828
0.5835556983947754
0.5828591585159302	0.4917818307876587	0.5533661246299744	0.5172509551048279
0.6171362996101379	0.5193660855293274
0.6090274453163147	0.5355333685874939	0.47076332569122314	0.5882136225700378
0.7062591314315796
0.42526775598526
0.5444228649139404
0.6519805192947388	0.8271147608757019	0.6490959525108337	0.7029489278793335	0.6739078164100647
0.6663978099822998	0.5987186431884766	0.6123355031013489	0.7095453143119812	0.6707900762557983
0.6398995518684387
0.6879661679267883
0.5020924806594849
0.5683799982070923	0.5668091773986816
0.6365872025489807	0.5652569532394409
0.6127864718437195	0.5711613893508911	0.6633186936378479	0.680182158946991	0.6999468803405762	0.710725724697113	0.658602237701416	0.6592515110969543
0.6632593870162964	0.654940664768219
0.5935994982719421	0.5882057547569275	0.6057390570640564
0.5019209384918213	0.670901358127594
0.785732626914978	0.5901416540145874
0.7298687100410461	0.6701591610908508	0.774800181388855
0.5931607484817505
0.696097731590271	0.7787989377975464	0.8188874125480652	0.7391483187675476	0.7550843358039856	0.7353639602661133	0.6574810743331909	0.7086548805236816
0.8315773010253906	0.8347446918487549	0.8025568127632141
0.6192953586578369
0.6109862327575684
0.5004091858863831
0.6933030486106873	0.6198025941848755	0.7797019481658936	0.7376479506492615	0.6709558963775635
0.7654865980148315	0.7416486144065857	0.8571853637695312	0.8280087113380432
0.4915224313735962	0.5020545721054077	0.5179539918899536	0.5192842483520508	0.5400350689888
0.5396242141723633	0.6613664031028748	0.6177643537521362	0.6059578657150269	0.6367071270942688	0.5834567546844482
0.5446427464485168	0.5706624984741211	0.4905453324317932
0.6227997541427612	0.7142912745475769
0.6012358069419861
0.6985095739364624
0.6710886359214783	0.6933581829071045	0.7343693971633911
0.6352379322052002	0.5871595144271851	0.6746654510498047	0.6131336092948914	0.6475119590759277
0.5088214874267578	0.5398561358451843	0.6031771898269653	0.5593876838684082
0.6995993852615356
0.5073345303535461
0.46684157848358154	0.4842963218688965	0.6720878481864929	0.49923282861709595
0.672189474105835
0.7783380746841431
0.4748119115829468	0.7728769183158875
0.6308132410049438
0.4392557144165039	0.6234263181686401
0.6031742095947266
0.6672976613044739	0.6651278138160706	0.6711205244064331	0.7306554913520813	0.694223940372467
0.5869627594947815
0.5519066452980042
0.5019711256027222
0.527349591255188	0.6791190505027771	0.55500328540802	0.4106350541114807	0.5326393842697144	0.497913122177124	0.553591787815094	0.48614245653152466
0.5247550010681152	0.5190304517745972	0.5972312092781067	0.4790990948677063	0.5898160934448242	0.5617701411247253	0.5855669975280762	0.5542770624160767
0.45507895946502686
0.5962380170822144
0.6736067533493042	0.6577469110488892	0.6177464127540588	0.6707218885421753	0.5876612663269043	0.5744571089744568	0.7345430850982666	0.7168407440185547
0.7286710739135742	0.6981982588768005	0.6720291972160339	0.8376343846321106	0.7134153842926025	0.7510542869567871
0.5475278496742249
0.6095770597457886	0.6991991996765137	0.52634197473526	0.5929697155952454	0.6540408134460449	0.6325046420097351	0.6467582583427429	0.6259369254112244
0.4856051206588745
0.8205899596214294
0.5813210010528564	0.5799880027770996	0.5664793252944946	0.47798603773117065	0.6279560327529907
0.6890719532966614	0.666938841342926	0.6611120104789734	0.7042751312255859	0.6388310194015503	0.666938841342926	0.666938841342926	0.6676642894744873
0.49023497104644775	0.5428853034973145
0.4656035900115967
0.5659151077270508
0.6246457099914551	0.6367018818855286	0.6615926027297974	0.6457743048667908	0.6232690215110779	0.7101874351501465	0.6631085276603699	0.6402000784873962
0.49520426988601685
0.6098249554634094	0.832313597202301	0.5889127850532532	0.6854628920555115	0.6888365149497986	0.7647466063499451	0.6942954659461975	0.6486771702766418
0.6622844934463501	0.6499577164649963
0.5178294777870178
0.5086629986763
0.6776350140571594
0.5700241327285767	0.5244787931442261	0.5539376735687256
0.4875258207321167
0.6765315532684326
0.6577269434928894
0.6005200743675232	0.7074803709983826	0.6396638751029968	0.6781806945800781	0.6780725121498108	0.7702547311782837	0.5973402857780457	0.7343921661376953
0.7403567433357239	0.7537969350814819	0.9130817651748657	0.6396724581718445	0.7292410135269165	0.7690144777297974	0.7083146572113037	0.7555725574493408
0.5963553190231323	0.6082708239555359
0.7397865056991577
0.6278815269470215	0.6551564335823059	0.5901604294776917	0.7679669260978699
0.5730332732200623
0.6356156468391418	0.5784831643104553
0.6430466175079346	0.7567940354347229	0.76752769947052	0.7567940354347229	0.6618527770042419	0.4871830344200134	0.6780634522438049	0.6345324516296387
0.4462023377418518	0.5188927054405212	0.44224393367767334
0.49963653087615967	0.4924968481063843	0.5605839490890503	0.514521598815918	0.5246143341064453	0.5025212168693542
0.5452489256858826
0.7796691656112671
0.603868842124939
0.5878440737724304
0.5284904837608337
0.5948008298873901
0.7349658012390137
0.7296048998832703	0.6579285264015198
0.6436439156532288	0.738121747970581	0.4701906442642212	0.5392289161682129	0.6151137948036194	0.5394187569618225	0.46425533294677734	0.4649006724357605
0.6404542326927185	0.6114847660064697	0.5796688199043274	0.4982783794403076	0.6192734241485596	0.6404542326927185	0.49726802110671997	0.49726802110671997
0.5131570100784302
0.5494793057441711
0.5465118288993835
0.7441297769546509	0.6460659503936768	0.6498776078224182	0.5313560366630554	0.5904631018638611
0.5876883864402771	0.5908232927322388	0.5569198131561279	0.6208294034004211	0.5598982572555542	0.5751895308494568	0.575239360332489
0.5885545611381531
0.5464866757392883	0.5658432841300964	0.6266030073165894	0.46150141954421997	0.4986962676048279	0.5953971147537231	0.4396775960922241	0.528156578540802
0.7123634219169617
0.7094524502754211	0.6998187899589539	0.7186292409896851
0.5518673062324524	0.5455341339111328	0.5136473178863525	0.6653202176094055	0.4817656874656677	0.5009887218475342
0.43693089485168457
0.6809239387512207	0.7128164172172546	0.6852301359176636	0.6743186116218567
0.5369940400123596	0.5705409049987793
0.5533791184425354	0.6101011633872986	0.5902655720710754	0.6289449334144592
0.4871368408203125	0.4849397540092468	0.7054033279418945	0.5527902841567993	0.49585288763046265	0.5380847454071045	0.6383070945739746	0.6152759194374084
0.5990419983863831
0.4404350519180298
0.5826514363288879	0.5826514363288879	0.5826514363288879	0.7967860102653503	0.8430764079093933	0.7687302827835083	0.7687302827835083	0.7205721735954285
0.5821323990821838
0.5330049395561218
0.528937578201294	0.5890275239944458	0.5857818126678467
0.6831363439559937
0.5549311637878418	0.6639435887336731	0.5713604092597961	0.6771992444992065	0.8304176926612854	0.7466027140617371	0.6907793879508972	0.6765939593315125
0.6206220984458923	0.6304029226303101	0.7153464555740356	0.6644638180732727	0.6958066821098328	0.6564967036247253	0.6907876133918762	0.6542719602584839
0.5940153002738953
0.5598148703575134
0.5836962461471558
0.5729507207870483
0.845764696598053	0.8839505314826965	0.6128483414649963	0.5348442792892456	0.762005090713501	0.8035701513290405	0.7651774883270264	0.8386664390563965
0.6875091791152954
0.5820343494415283
0.49665701389312744
0.5948997139930725
0.5721037983894348	0.7030887603759766	0.7028823494911194	0.6877568960189819	0.7879326343536377	0.7855416536331177	0.7945103049278259	0.8215901851654053
0.5786929726600647
0.4807818531990051	0.5494416952133179	0.6153723001480103	0.49938279390335083	0.550017237663269	0.636915385723114	0.5656583905220032	0.5230497121810913
0.6710309982299805
0.5281423926353455	0.46523040533065796	0.4654962420463562
0.5765072107315063	0.49939340353012085
0.5453386306762695
0.5716899037361145	0.587339460849762	0.5779890418052673	0.5068051218986511	0.5662834048271179
0.6943469643592834
0.5895021557807922
0.6975592970848083
0.46319401264190674
0.8772769570350647	0.6855988502502441	0.8522337675094604	0.5967895984649658	0.7406993508338928	0.6944109797477722	0.632655143737793	0.6707122325897217
0.5532859563827515
0.5426933765411377
0.5135376453399658	0.44834697246551514	0.41013050079345703
0.7537758350372314	0.7224858999252319	0.6339405179023743	0.8060464859008789	0.6969597935676575	0.683748185634613
0.7554326057434082	0.6887582540512085	0.5977914929389954	0.6075903177261353	0.5530316829681396
0.6065356135368347
0.7309762239456177	0.595434844493866	0.672603964805603	0.6267280578613281	0.7133368253707886
0.7014914155006409
0.6063358783721924	0.65445876121521	0.5764381885528564	0.5621401071548462	0.671899676322937	0.5677453875541687
0.7442362904548645	0.7521075010299683	0.6232465505599976	0.7545290589332581	0.7137595415115356	0.7487490177154541	0.7521075010299683	0.7297893762588501
0.7767115831375122	0.6492916345596313	0.7433242201805115
0.6885212063789368	0.7528326511383057	0.6533358693122864
0.7928399443626404
0.7401344776153564	0.6628003716468811	0.6671087741851807
0.7013432383537292
0.5281314849853516	0.6636103987693787	0.5629335641860962	0.5458608865737915	0.5532500743865967	0.628387451171875	0.5223265886306763	0.6413868069648743
0.5321723222732544	0.5457887053489685
0.7211124300956726
0.5797091722488403
0.7345780730247498	0.6120307445526123	0.618436336517334	0.621090292930603	0.7019698023796082	0.6892619729042053	0.7238829135894775	0.8284544348716736
0.6696137189865112
0.6725627779960632
0.6020079255104065	0.5068511366844177	0.5915789604187012	0.6033129692077637
0.589824914932251	0.7041852474212646	0.8051002025604248	0.79057377576828	0.5744548439979553	0.6748109459877014	0.7794428467750549	0.5744548439979553
0.40636640787124634
0.6873478293418884	0.8670144081115723	0.8927878737449646	0.7005347609519958	0.7671719193458557
0.6934126615524292	0.6831388473510742	0.7779189348220825	0.7576203346252441	0.7904748916625977	0.7904748916625977	0.7021601796150208	0.7045601010322571
0.468086838722229	0.6459047794342041	0.5448307394981384	0.51894611120224	0.525280773639679	0.49011164903640747	0.5675081610679626	0.6327283978462219
0.46358048915863037	0.5442894101142883
0.6825761198997498	0.5998396873474121	0.6088396906852722	0.553232729434967	0.6469569206237793	0.6320556402206421	0.7699202299118042	0.6527410745620728
0.7479147911071777	0.7626991271972656	0.7597873210906982	0.7671575546264648	0.7047443985939026	0.7217329740524292	0.8094735145568848	0.6843897700309753
0.4352908134460449
0.7050392031669617
0.8007901310920715
0.532356858253479
0.550020694732666	0.6934041976928711
0.4251803755760193
0.5533596277236938	0.6304875016212463	0.6504489779472351
0.6589106917381287	0.7338253259658813
0.5402059555053711
0.6494876146316528	0.510749340057373	0.48312443494796753
0.6403411626815796
0.5680952072143555	0.5296211838722229	0.44121551513671875	0.48205214738845825	0.5174738764762878	0.537615954875946	0.5499086380004883	0.5263640284538269
0.5525652766227722	0.45765674114227295
0.34197330474853516	0.3574504256248474	0.4294678568840027
0.6312582492828369
0.7282240390777588	0.6692866683006287	0.7066529393196106	0.7721133232116699	0.7093254923820496	0.6518933176994324	0.700901985168457
0.600056529045105	0.6773512959480286	0.6005269289016724	0.6296330094337463
0.7755251526832581	0.6381911039352417	0.6452072858810425	0.6449655890464783
0.5718202590942383	0.4996393322944641	0.5037156939506531
0.5439414978027344
0.7043991684913635	0.5703365206718445	0.6773207783699036	0.5482921600341797	0.5758728384971619	0.7195349931716919
0.6305540204048157	0.8132085800170898
0.42055743932724
0.7253470420837402
0.6072925925254822
0.6624963879585266	0.6630056500434875
0.47373712062835693
0.47388482093811035
0.54365074634552	0.5701547861099243	0.5443790555000305	0.46995270252227783
0.6476767659187317
0.4916001558303833
0.7142971754074097	0.7523060441017151
0.498613178730011
0.6896207928657532	0.6081623435020447	0.5943064093589783
0.6554256081581116	0.6959971189498901	0.6204603314399719	0.7226182818412781	0.8252396583557129	0.6867398023605347	0.727883517742157	0.7358855605125427
0.5376511216163635	0.6328571438789368	0.6106008887290955	0.49862295389175415	0.5177116394042969
0.5527960658073425
0.6099359393119812
0.505202054977417	0.5178549885749817	0.6040158271789551	0.5138713121414185
0.585475504398346	0.6959198117256165	0.7310079336166382	0.6612014770507812	0.6356537938117981	0.6885096430778503	0.7457363605499268	0.5676515698432922
0.7277274131774902	0.7130581140518188	0.724334180355072	0.7409049868583679	0.6467123031616211	0.7014248967170715
0.6466663479804993
0.5035879611968994
0.7182158827781677	0.7302693128585815	0.5875137448310852	0.8722585439682007	0.7585436105728149	0.896134078502655	0.8907397389411926	0.9310404658317566
0.8101617097854614	0.6753019094467163	0.6989842653274536	0.7207738161087036	0.8101293444633484	0.7814081907272339	0.7298275232315063	0.8933132290840149
0.6462774276733398	0.6520092487335205
0.5755406022071838
0.7082760334014893	0.6467894911766052	0.7082760334014893	0.6467894911766052	0.6660862565040588	0.6813132166862488
0.6896769404411316	0.720676600933075	0.6460732221603394	0.6688721179962158	0.6439179182052612	0.614395260810852	0.5125378966331482	0.5458024144172668
0.5712519288063049	0.3693819046020508
0.4793469309806824	0.5113935470581055
0.4500541687011719	0.5818767547607422	0.5695798993110657	0.6163557767868042	0.5105262398719788	0.52565598487854
0.7609072923660278	0.6943042278289795	0.668251097202301	0.6528883576393127	0.6806561946868896	0.724044919013977
0.6207601428031921
0.520757794380188	0.5458840131759644	0.6550554037094116	0.6916710138320923	0.587507963180542	0.6086443662643433	0.508202850818634	0.6482451558113098
0.6536641120910645	0.7195252180099487	0.6536641120910645	0.6536641120910645	0.709515392780304	0.709515392780304	0.709515392780304	0.709515392780304
0.5085325837135315
0.5946096181869507
0.5002161860466003	0.6965688467025757	0.5850903391838074	0.6137760877609253	0.6896423101425171	0.5706839561462402	0.5502376556396484	0.5853410363197327
0.5343217253684998	0.5333651304244995	0.5333651304244995	0.4989967942237854	0.6344740390777588	0.6299785375595093	0.46355485916137695	0.4989967942237854
0.7028846144676208	0.646329402923584	0.6227448582649231	0.6647918224334717	0.6895301938056946	0.6732423901557922
0.4756106734275818	0.6682133674621582
0.4946082830429077	0.5951589345932007	0.6299646496772766	0.6031405329704285	0.5729131698608398	0.6430653929710388	0.647603452205658
0.47573626041412354
0.4705224633216858	0.4641866683959961	0.5126156210899353	0.5661219358444214	0.5731863379478455	0.611151397228241	0.4398326277732849	0.5242923498153687
0.5546396374702454
0.4900428056716919
0.5761368274688721
0.6383512020111084
0.562287449836731
0.6764472723007202	0.7294484376907349	0.787187933921814	0.6335994005203247	0.5677034258842468	0.8450302481651306	0.6613640189170837	0.7613145709037781
0.5975901484489441	0.646979570388794	0.6362354159355164	0.6445027589797974	0.5617478489875793	0.6368102431297302	0.6775928735733032
0.6029007434844971	0.63236004114151	0.49494320154190063	0.7567067742347717	0.6099238991737366	0.7179731130599976	0.6766927242279053	0.7085865139961243
0.564164400100708	0.6154683828353882
0.4997495412826538	0.5158573985099792
0.5940669775009155	0.700575053691864	0.6958515644073486	0.7102843523025513	0.675093948841095
0.49586915969848633	0.504430890083313
0.6364907026290894
0.6437311172485352	0.6288762092590332
0.46887046098709106
0.6231754422187805	0.6304000616073608
0.8677895069122314	0.798129677772522	0.8824408054351807
0.682034432888031	0.6226818561553955	0.6226818561553955	0.6241751313209534	0.6714122295379639	0.7067508697509766
0.7147262692451477	0.6907578706741333
0.7264334559440613	0.7622897624969482	0.7413385510444641	0.7160871624946594
0.7817804217338562
0.6119164228439331	0.5812759399414062	0.6228257417678833	0.6122071743011475
0.5853700637817383	0.694100558757782
0.7105255722999573	0.6796172857284546	0.7105255722999573	0.626396894454956
0.5380587577819824	0.6975865364074707	0.5838633179664612	0.5457867383956909	0.5739024877548218	0.6347078680992126	0.637536346912384	0.48829811811447144
0.544516384601593
0.7379367351531982	0.6003410816192627	0.5522364377975464	0.6272364258766174	0.6109737753868103	0.5936225056648254	0.7206709980964661	0.6219421029090881
0.6332751512527466	0.6729145646095276	0.6720328330993652	0.6110036373138428	0.7099472284317017	0.6583596467971802	0.7367126941680908	0.6733376979827881
0.6881849765777588
0.626615047454834	0.7696135640144348	0.5850179195404053	0.6323041915893555	0.7325292229652405	0.7376635074615479	0.7719515562057495	0.6995660066604614
0.5543681383132935
0.6407400369644165	0.5999361276626587	0.6408388018608093	0.6053046584129333	0.6453260779380798	0.6237796545028687	0.676105260848999	0.5370179414749146
0.555862545967102
0.6117635369300842
0.5824757218360901
0.623956561088562
0.44965165853500366
0.6088520884513855	0.6058175563812256	0.5613737106323242	0.597923994064331	0.6550948023796082	0.5921779274940491	0.6409687995910645	0.6293509006500244
0.6910203099250793	0.6230688095092773	0.622734010219574
0.4664890170097351	0.6619613170623779
0.6687154173851013
0.6319654583930969	0.5974680781364441	0.6767709851264954	0.6245627999305725
0.6518439650535583
0.6195406317710876
0.4740520715713501
0.6141866445541382	0.6015554666519165	0.6240557432174683	0.6173896789550781	0.7039833664894104	0.6860105991363525	0.5429111123085022	0.7039833664894104
0.7530226707458496	0.7608044147491455	0.8226956725120544	0.7652707099914551	0.7652707099914551	0.7631826996803284	0.7406986355781555	0.7463870644569397
0.4687204360961914	0.6580389142036438	0.5148937702178955	0.4957961440086365	0.6134710311889648	0.636718213558197
0.6009708046913147	0.47359973192214966	0.5469933152198792	0.6497602462768555	0.5908029675483704
0.45664215087890625	0.6133249402046204
0.5240771770477295	0.5956858396530151	0.5676460862159729	0.5653985142707825	0.5410013794898987	0.5690754652023315	0.5913830399513245
0.824507474899292	0.7580040693283081	0.8338550925254822	0.8338550925254822	0.824507474899292	0.824507474899292	0.7580040693283081	0.8338550925254822
0.5888772010803223
0.6603012084960938	0.6899073123931885	0.5614543557167053	0.679218590259552	0.6805400252342224	0.7236406207084656	0.6135210990905762
0.47787922620773315
0.8777872920036316	0.7648385763168335	0.8334952592849731	0.7810930013656616	0.7174992561340332	0.7174992561340332	0.7998608350753784	0.8729037642478943
0.6451234817504883	0.5255166888237	0.6898654699325562	0.6318458914756775	0.589524507522583
0.513282299041748	0.5337535738945007	0.6452535390853882	0.6921120882034302	0.6578627824783325	0.47842055559158325	0.4619286060333252	0.6387807130813599
0.741038978099823	0.7583736777305603	0.7877622842788696	0.9120226502418518	0.6707068681716919	0.832232654094696	0.7713534832000732	0.775901734828949
0.3843385577201843	0.43110013008117676
0.7043328881263733	0.7036062479019165
0.7986090779304504	0.7056324481964111	0.6578373312950134	0.677512526512146	0.6424699425697327	0.679032027721405
0.5592347383499146
0.5689854025840759	0.6590064167976379	0.5188233256340027	0.4607759714126587	0.5889641046524048	0.500117301940918
0.6030384302139282
0.6730681657791138	0.7166092991828918
0.5331776738166809	0.5814187526702881	0.5256202816963196	0.5484380125999451	0.5494757294654846
0.718862771987915
0.510164201259613
0.5797202587127686
0.8244063854217529	0.7568371891975403	0.8907541632652283	0.7207115292549133	0.86253821849823	0.7584757804870605	0.7969151139259338	0.8269607424736023
0.5944319367408752
0.7773454785346985	0.6999741196632385
0.4741724729537964	0.5738261342048645	0.592731773853302	0.5708641409873962	0.5587807893753052	0.6075488924980164	0.6502251625061035
0.9412620663642883	0.7708157896995544	0.8788080215454102	0.8232522010803223	0.7523564100265503	0.7281513214111328	0.8203635811805725	0.83503657579422
0.552073061466217
0.5800833702087402	0.5478746891021729	0.5991625785827637	0.483611524105072	0.6197280883789062	0.5815432071685791	0.49828004837036133	0.5645516514778137
0.5456856489181519
0.7201354503631592	0.6773707866668701	0.7201354503631592	0.713429868221283	0.6684877872467041	0.7409915328025818	0.6335974931716919	0.7409915328025818
0.6312398314476013
0.8008331060409546	0.6763883233070374
0.44532495737075806
0.6109215617179871
0.47086942195892334
0.7023668885231018	0.747096061706543	0.527201235294342
0.5716435313224792
0.46165573596954346
0.6574321389198303	0.5506426095962524
0.6443061232566833	0.5228781700134277	0.6372311115264893	0.5559892058372498	0.6382572054862976	0.5226491689682007	0.559025764465332	0.5805532932281494
0.6401516199111938
0.496265709400177	0.5143503546714783
0.626235842704773	0.5478125810623169	0.5668414235115051	0.47635483741760254	0.5866681337356567	0.691802442073822	0.5108132362365723	0.5494138598442078
0.7510323524475098
0.5282709002494812	0.6607990860939026	0.7119024395942688	0.6538453698158264	0.6841235160827637	0.6683123707771301	0.739111065864563	0.6914049983024597
0.5810464024543762	0.6162787079811096	0.5993179678916931	0.5317174196243286	0.535729169845581	0.5273959040641785	0.5933502912521362	0.6758714318275452
0.6358510851860046
0.6796324849128723	0.7733981609344482
0.5613417029380798
0.3966168761253357
0.5934908390045166	0.5363830924034119	0.7709120512008667	0.6144952774047852	0.6606888771057129	0.5643578171730042	0.8054277896881104	0.7192891240119934
0.655691385269165
0.7436374425888062
0.4495331645011902
0.5115676522254944
0.5867428779602051	0.6992052793502808	0.7177976965904236	0.6822707056999207
0.6670244336128235
0.6939453482627869
0.653247594833374
0.6676670908927917
0.7494681477546692	0.8034244179725647	0.8687986731529236	0.8131371140480042	0.8541722893714905
0.5324874520301819	0.6714956164360046	0.6390987038612366	0.6495753526687622	0.7842262387275696	0.7619203925132751	0.7619203925132751	0.663469672203064
0.7692557573318481	0.6229960322380066	0.7023963332176208	0.7495074272155762	0.5533937215805054	0.7376962304115295	0.6546595692634583	0.6475830674171448
0.6522380709648132	0.6934570074081421
0.772311806678772	0.7144472002983093
0.6260886192321777	0.6490517258644104	0.6757834553718567	0.634025514125824	0.6684274077415466	0.60981285572052	0.6201668977737427	0.6080992817878723
0.6814413070678711	0.5754926800727844	0.6436809301376343
0.5485836267471313	0.6654462218284607	0.4691041111946106	0.6015427708625793	0.5937287211418152	0.5518377423286438	0.5894742608070374	0.578262984752655
0.44573646783828735
0.6782477498054504	0.7582875490188599	0.7546409368515015	0.7602184414863586	0.7198010087013245	0.7602184414863586	0.7868039608001709	0.7868039608001709
0.5645721554756165
0.524147093296051
0.5377117991447449
0.5762729644775391
0.6469777822494507	0.6868521571159363	0.7762132883071899	0.7228842377662659	0.7208148837089539	0.7031129002571106	0.7069093585014343	0.7031129002571106
0.5273484587669373
0.565302312374115
0.5071051120758057	0.5478199124336243	0.629764199256897	0.6858941912651062	0.6320217847824097	0.4830090403556824	0.6305661201477051	0.494778037071228
0.3777318000793457
0.6132892966270447
0.8294826149940491
0.567267894744873	0.5830075144767761	0.5222682952880859	0.5178750157356262	0.4239581227302551	0.5084445476531982	0.5651827454566956
0.5228263735771179	0.6148034930229187
0.6643117070198059
0.6307936906814575
0.6211836934089661	0.6719431281089783	0.6685790419578552	0.6742841601371765	0.5729901790618896	0.6082632541656494	0.6369721293449402
0.5968942046165466	0.6821866035461426	0.585205614566803	0.5411174893379211
0.47087562084198	0.6572564244270325	0.4414598345756531	0.6606754064559937	0.7062508463859558	0.6080090403556824	0.6125584840774536	0.6893519163131714
0.6852903962135315	0.6337344646453857	0.47920137643814087	0.5642937421798706	0.6456130743026733	0.6677823066711426
0.7493473887443542
0.5535244345664978
0.4688712954521179	0.5207242369651794
0.5083585977554321	0.50760418176651
0.6811212301254272
0.6846550107002258	0.6324080228805542	0.759031355381012	0.5891805291175842	0.6268848776817322	0.5810458064079285	0.6338932514190674	0.6322159767150879
0.6016269326210022
0.551132082939148
0.5931903719902039
0.5721951723098755	0.7088959813117981	0.6672663688659668	0.4806216359138489	0.542351245880127	0.6875700950622559
0.8171387910842896	0.7657875418663025
0.6745878458023071	0.6349339485168457	0.6668327450752258	0.6896202564239502	0.6501369476318359
0.5069275498390198
0.4965815544128418	0.49301278591156006	0.5621819496154785	0.6205720901489258	0.7064492702484131	0.6248202323913574	0.5852257013320923	0.5931182503700256
0.5930968523025513
0.4323132038116455
0.568419337272644
0.5681822299957275
0.47259730100631714
0.5839695930480957
0.5888344645500183	0.5258069634437561
0.7472767233848572	0.7810044288635254	0.7419252395629883	0.632127046585083	0.7257161140441895
0.6868064403533936	0.7239645719528198	0.6756741404533386	0.7242693901062012	0.6953012347221375	0.8458638787269592	0.6295002698898315	0.6388717293739319
0.7624021172523499	0.7439508438110352
0.5749832987785339	0.5813995599746704
0.6254152655601501	0.5990312099456787	0.6918553113937378
0.6695043444633484
0.5087199211120605
0.49755674600601196
0.5220654010772705	0.5434750318527222
0.5621351599693298
0.6086421608924866	0.5441087484359741	0.6052415370941162	0.6657584309577942	0.6491970419883728
0.5074995756149292
0.6365023255348206
0.7604149580001831	0.7233762145042419	0.7604149580001831	0.7604149580001831	0.7120694518089294	0.7120694518089294	0.7233762145042419
0.6074475646018982
0.5547990202903748
0.7304256558418274	0.5324330925941467	0.47368115186691284
0.7237108945846558	0.7598162293434143	0.6999146938323975
0.6138148307800293
0.5961758494377136
0.5661538243293762	0.7413247227668762	0.7678573131561279
0.6259847283363342	0.5981655120849609
0.5908766984939575	0.5253773927688599	0.5788432955741882	0.6201987266540527	0.6065245270729065	0.7449561953544617	0.6242743134498596	0.6514197587966919
0.8124407529830933	0.9329164028167725
0.4657067656517029
0.6362165212631226	0.5832304954528809	0.6609468460083008	0.690017580986023	0.7463326454162598	0.6187080144882202
0.5549965500831604
0.5814133286476135
0.600029468536377	0.710171639919281	0.7127673625946045	0.7377012968063354
0.5177039504051208	0.6041292548179626	0.5285953283309937	0.5448068380355835
0.5935308337211609	0.5729696154594421	0.6199250221252441
0.5584582090377808
0.5539042353630066	0.6182130575180054	0.620531439781189	0.6381375789642334
0.7426118850708008	0.6024832129478455
0.7483224272727966	0.6681949496269226	0.8056047558784485	0.689758837223053	0.7206569910049438	0.7725836634635925	0.7589660882949829	0.9193257093429565
0.5055813193321228	0.5294584631919861	0.6148656606674194
0.6937368512153625	0.589095413684845
0.5906519293785095
0.6492823362350464	0.6330574750900269	0.6287058591842651
0.577795684337616
0.6763137578964233
0.5058976411819458	0.44786185026168823
0.7484931945800781
0.6944004893302917	0.6562331318855286	0.7770922183990479	0.5685427188873291	0.6335799694061279	0.8042119145393372	0.6335799694061279	0.6335799694061279
0.5544976592063904
0.676288902759552	0.7338405251502991
0.6588807702064514
0.6323121786117554	0.6754739284515381
0.5291559100151062	0.5736100077629089	0.5978646874427795	0.5285233855247498	0.6294144988059998
0.6580845713615417	0.5686352252960205	0.5600146055221558	0.5133291482925415
0.5655573606491089	0.5807435512542725
0.6783014535903931	0.5702451467514038
0.5456531643867493	0.4915561079978943	0.6062158942222595	0.58803790807724
0.4707879424095154
0.554429292678833	0.5274815559387207
0.7846930623054504	0.77176433801651	0.7204238772392273	0.6632798314094543	0.7204238772392273
0.7560737133026123	0.7560737133026123	0.7324115633964539	0.6661199331283569
0.5569173097610474
0.5112517476081848	0.5631624460220337
0.4853772521018982
0.6752384305000305
0.714511513710022
0.7113077044487
0.6309863924980164
0.5953207015991211	0.5917893052101135	0.750207245349884
0.47578197717666626
0.5566772818565369
0.5448240041732788
0.5566413998603821	0.5575908422470093	0.6329633593559265	0.6438596248626709	0.5916187167167664	0.6308510899543762	0.5922511219978333	0.6149367094039917
0.7429811954498291	0.7310715317726135	0.6154432892799377	0.6410372257232666	0.7577608823776245	0.8270964026451111	0.6130856275558472	0.6710861325263977
0.6636971831321716	0.6929845213890076	0.5707433819770813	0.7208811640739441	0.7347762584686279	0.6303842663764954	0.6281514167785645
0.44353175163269043	0.46188193559646606	0.5009920597076416
0.4595535397529602
0.6605887413024902	0.7115628719329834	0.7025011777877808	0.6860461831092834	0.6721438765525818	0.655622661113739	0.6657547950744629	0.6966554522514343
0.5157615542411804	0.4614851474761963
0.6154189705848694	0.45562148094177246
0.8508829474449158	0.834616482257843	0.7605491280555725	0.7781032919883728	0.8514330387115479	0.8589417338371277	0.8302053213119507
0.7233931422233582	0.7929496169090271
0.5958487391471863	0.6168889403343201	0.6302547454833984	0.6109874844551086	0.5641900897026062	0.7858226895332336	0.7437770366668701	0.6847143769264221
0.45559006929397583	0.5797945261001587	0.5121272206306458	0.5691362619400024	0.5614182353019714
0.49275535345077515
0.5948951840400696	0.6094566583633423	0.7923465967178345	0.6157101392745972
0.6787789463996887
0.41218501329421997
0.6859334111213684	0.5679852366447449	0.6163313388824463	0.5779860019683838	0.5451985597610474	0.5682911276817322	0.6080061793327332	0.5847058296203613
0.7072072625160217	0.5447918772697449	0.628020167350769	0.5745899081230164	0.6863371729850769
0.6120089888572693	0.7282969951629639	0.7345577478408813	0.7280088067054749	0.6961142420768738	0.6712316870689392
0.5905295610427856
0.7045610547065735	0.7883607149124146	0.8409496545791626	0.7394922375679016	0.6806900501251221	0.67701655626297	0.7503975033760071	0.7924172878265381
0.7545669674873352
0.6899937391281128	0.7443670034408569	0.7563174366950989	0.8133760690689087
0.7097702026367188	0.6581918597221375
0.5462643504142761
0.6336175799369812	0.6610846519470215
0.6338374614715576
0.5708590745925903	0.5629329681396484	0.580183207988739	0.6333290338516235	0.6565549373626709
0.6428781151771545	0.6473970413208008	0.6413530707359314	0.6502830982208252
0.6331278085708618
0.5514605641365051
0.48935467004776	0.5223285555839539
0.583207368850708	0.5812421441078186
0.6765115857124329	0.5925635099411011	0.5977753400802612	0.5764293670654297
0.558163583278656	0.6389454007148743	0.6299890279769897	0.5052767395973206	0.6444869041442871	0.6432745456695557	0.846403956413269
0.5594167709350586
0.6007647514343262
0.6359682083129883
0.49763166904449463
0.44067543745040894
0.7473188042640686	0.7034080028533936	0.7473188042640686	0.7600463628768921	0.7254763245582581	0.7473188042640686	0.7034080028533936
0.6032073497772217	0.6323383450508118	0.5858714580535889
0.6656222343444824
0.7244967222213745	0.6577149033546448	0.614472508430481
0.5491986870765686	0.529868483543396
0.5482833981513977
0.7105127573013306
0.6006277799606323	0.6462246775627136	0.6006277799606323	0.5658732056617737	0.6006277799606323	0.6006277799606323	0.6006277799606323	0.7214242219924927
0.734516978263855
0.6312875151634216	0.802182137966156	0.7285885214805603	0.6914525628089905	0.7173426747322083	0.7464169263839722	0.7052188515663147	0.7551173567771912
0.5707694888114929	0.7613775134086609	0.6027456521987915	0.6424468755722046	0.7466571927070618	0.6342926621437073	0.7583990693092346
0.6212514638900757	0.8130590319633484
0.5482203960418701
0.5559320449829102
0.5426265001296997	0.5425191521644592	0.572770893573761	0.4779180884361267	0.6306890845298767	0.5805358290672302	0.5810629725456238
0.7708513140678406
0.5732378363609314	0.6717631816864014	0.5500855445861816	0.525516152381897
0.8647257089614868
0.5402343273162842
0.7876952886581421	0.6207733154296875	0.6149223446846008	0.5598860383033752	0.6643233299255371	0.7094497680664062	0.7407647371292114	0.799405038356781
0.5027845501899719
0.6194157600402832
0.41283291578292847	0.5868246555328369
0.4613766074180603	0.4613766074180603	0.4613766074180603	0.5793445110321045	0.6920667886734009	0.6407886743545532	0.6064500212669373	0.6892552375793457
0.87214595079422	0.8070585131645203	0.8689360618591309	0.7017520070075989	0.8189228773117065	0.8215378522872925	0.8713055849075317	0.8440279364585876
0.7148870825767517	0.6622479557991028	0.7190764546394348	0.7079196572303772	0.6743058562278748	0.6871183514595032	0.8087852597236633	0.6648754477500916
0.7197556495666504
0.5856809616088867	0.6714015603065491	0.6238439083099365	0.6068607568740845	0.6042948365211487
0.6193330883979797
0.6128889918327332	0.6354693174362183	0.5662689805030823
0.7119989991188049	0.6682191491127014	0.6326501965522766	0.7282233238220215	0.6279240846633911	0.6342741847038269	0.65431147813797	0.7686984539031982
0.8046682476997375	0.7698262929916382
0.7369790077209473
0.5500300526618958	0.5764626860618591	0.6103747487068176	0.5315797328948975
0.5937239527702332
0.6651977896690369
0.6567658185958862	0.44970089197158813	0.574970006942749	0.5592101216316223	0.5272848606109619	0.5696485638618469	0.7068915367126465	0.6262926459312439
0.5361415147781372
0.5507097840309143	0.6783990263938904	0.5400193929672241	0.5541238188743591
0.5797447562217712	0.6076648831367493	0.5359091758728027	0.5713223218917847	0.6147578954696655	0.6736257672309875	0.6398718357086182	0.5490925312042236
0.6649214029312134	0.6042711138725281	0.651180624961853
0.5045565962791443
0.4587068557739258
0.5628677606582642
0.5494565367698669
0.5357549786567688
0.8230671286582947	0.7866186499595642	0.6608405709266663	0.8656283020973206	0.8230671286582947	0.7866186499595642	0.8656283020973206	0.7495580315589905
0.616684079170227	0.5510055422782898	0.58167964220047
0.7038528919219971	0.651683509349823	0.6282303333282471	0.612464427947998	0.6327484250068665	0.6355579495429993
0.558403730392456
0.4844803810119629
0.5630536079406738	0.5451071858406067	0.546317458152771	0.5630536079406738	0.5721078515052795	0.6677520871162415	0.6299157738685608	0.5178860425949097
0.5895891189575195
0.719893753528595	0.7007606029510498	0.7652139663696289	0.6003384590148926	0.8598415851593018
0.8973249793052673	0.8054575324058533	0.8594350814819336
0.8678957223892212
0.5233451724052429
0.6058814525604248	0.6723893284797668	0.6416236162185669	0.6838352084159851	0.5640503168106079	0.7302669286727905	0.624613344669342
0.7994990348815918
0.5327423214912415
0.7490978240966797	0.7882369756698608	0.8303133249282837	0.6733474135398865	0.7075896263122559	0.6571627259254456	0.7519702911376953	0.6641363501548767
0.5834450721740723
0.6655524969100952
0.4933869242668152
0.6488909125328064
0.52968430519104
0.5607389807701111
0.6542354822158813	0.7277001738548279	0.4980071187019348	0.6189122200012207	0.700546145439148	0.8181220889091492	0.5802757143974304
0.46827495098114014	0.5608430504798889	0.5702380537986755
0.6487100720405579	0.5779941082000732	0.6177930235862732	0.6833478808403015	0.6117073893547058
0.7229777574539185
0.49385058879852295	0.5409827828407288	0.6199692487716675	0.4913179278373718	0.4913179278373718	0.6307100057601929	0.46472322940826416	0.6027786135673523
0.752578616142273	0.6177152395248413	0.6177152395248413	0.81378173828125	0.7443057298660278	0.6704205870628357	0.6704205870628357	0.6704205870628357
0.5783998966217041	0.6395388245582581	0.6511839628219604	0.6376405358314514	0.5960091352462769	0.6853799223899841
0.5313296914100647	0.5311848521232605
0.8222664594650269	0.7917847633361816
0.8050717115402222
0.7497714757919312	0.5479190945625305	0.6753941774368286	0.7007433176040649	0.8224965929985046	0.7318708300590515	0.7413046360015869	0.641761302947998
0.7351679801940918	0.7713832259178162	0.6139029264450073	0.7364043593406677	0.5781864523887634	0.5935655236244202	0.7638691067695618	0.6909754872322083
0.5863563418388367	0.630776584148407	0.5642058253288269
0.44367319345474243
0.5732645988464355	0.6477346420288086	0.7304368615150452	0.6651275753974915	0.5525252819061279	0.8032476902008057	0.582992672920227	0.5735430121421814
0.5261971950531006
0.7351959943771362	0.6987106204032898	0.6341356635093689	0.6341356635093689	0.628309428691864	0.7734493017196655	0.6469188332557678	0.7922271490097046
0.6837301254272461	0.6240299344062805	0.670244574546814	0.6837301254272461	0.6376420855522156	0.6376420855522156	0.622589111328125
0.6424961090087891	0.717534601688385	0.6877354979515076	0.7001335620880127	0.6697214841842651	0.7060535550117493	0.6413208246231079	0.7807127833366394
0.48215752840042114	0.5046860575675964	0.5135471224784851	0.5926359295845032
0.7260030508041382
0.6829660534858704	0.5808201432228088
0.5935893058776855
0.6598342061042786
0.552092969417572	0.49149054288864136	0.4463001489639282	0.5281347036361694
0.5341377854347229	0.7435083985328674
0.8497654795646667	0.7748237252235413	0.8198695778846741	0.8239262700080872	0.8239262700080872
0.6367772221565247
0.5943843126296997	0.5315213203430176
0.6283041834831238	0.6982799768447876	0.5671436190605164
0.7520390152931213
0.83005291223526
0.6692967414855957	0.7753821015357971	0.6421042084693909	0.6747907996177673	0.5731984972953796
0.7612209320068359
0.7846564650535583
0.5530109405517578	0.5559055805206299
0.727928876876831
0.6217256188392639	0.6153491735458374	0.6182845830917358	0.6721290946006775	0.6578194499015808	0.6171483397483826	0.6707965135574341	0.6882103681564331
0.5346847772598267	0.5886107683181763	0.5883661508560181	0.47353482246398926	0.5707828998565674	0.6373054385185242	0.6341677308082581	0.649756133556366
0.7834543585777283
0.6766842007637024	0.7454458475112915	0.7231939435005188
0.7426002025604248
0.5045410394668579	0.6341982483863831	0.5989620685577393	0.657404899597168
0.615492045879364	0.5865195989608765
0.7323123812675476
0.5984752178192139
0.5149945020675659	0.5919013023376465	0.5928211808204651	0.5668495297431946	0.5785793662071228	0.7144021987915039	0.5750632286071777	0.6179316639900208
0.5940130352973938
0.7520626187324524	0.6481121182441711	0.6856896281242371	0.592154324054718	0.5682618021965027	0.5998032689094543	0.5197248458862305	0.6318792104721069
0.710304856300354	0.6159257888793945
0.8510941863059998	0.7179974913597107	0.6995472311973572	0.8873422145843506	0.7497705817222595	0.7383701205253601	0.7957486510276794	0.7230556607246399
0.38011234998703003	0.4510091543197632	0.3588755130767822
0.7869353890419006	0.8593251705169678	0.7712782025337219	0.7885329127311707	0.8966173529624939	0.8081333041191101	0.7506003379821777	0.7588860988616943
0.622004508972168
0.6474608182907104	0.5699346661567688
0.642137885093689	0.6024318933486938	0.7169159650802612	0.5614537000656128	0.6483296155929565	0.6636045575141907	0.6745280027389526	0.6563463807106018
0.547090470790863	0.6097903847694397	0.5810138583183289
0.4324992895126343
0.528363823890686	0.5789093971252441	0.6024855971336365	0.6316167712211609	0.6569269299507141
0.5449231266975403	0.512287974357605	0.4855232834815979	0.5023564696311951	0.6244469881057739	0.708376407623291	0.5936353802680969	0.6267958283424377
0.4840715527534485
0.7025750875473022	0.6395948529243469	0.8184654712677002	0.5725050568580627	0.8557289838790894	0.8512743711471558	0.7399625778198242	0.7355584502220154
0.3951430916786194
0.5986814498901367
0.5386016964912415
0.4933326244354248	0.6113182902336121	0.5958610773086548	0.5940890908241272	0.5776785016059875	0.5320145487785339	0.5883460640907288
0.4354255199432373	0.4598352313041687	0.507164478302002
0.5790594220161438	0.7142430543899536	0.7538130879402161	0.6143440008163452	0.5933894515037537	0.5591287612915039	0.5645476579666138	0.781461775302887
0.5973249077796936	0.6187141537666321	0.757414698600769
0.573164701461792	0.6377494931221008	0.490014910697937	0.6171890497207642	0.5726207494735718	0.46953117847442627	0.549423336982727	0.5790300965309143
0.5042309165000916	0.5068182945251465	0.5719859600067139	0.6098654866218567	0.6016366481781006	0.5719192624092102
0.7321951985359192	0.8386824727058411	0.8421681523323059	0.7198705673217773	0.8121238350868225	0.8096396923065186
0.4970387816429138
0.7131869196891785	0.7028611898422241
0.6050583124160767	0.72248375415802	0.7656601667404175	0.6964107751846313
0.7636333703994751	0.7551694512367249
0.6194338798522949	0.48569488525390625
0.5591529607772827
0.6860293745994568	0.6894128322601318
0.642744779586792
0.7666165828704834
0.4576358199119568
0.619575023651123	0.46253079175949097	0.5527799725532532	0.5347569584846497
0.5684002041816711
0.45260512828826904	0.43627870082855225	0.45515912771224976
0.5562543869018555
0.5753682255744934	0.7281163930892944
0.4821551442146301
0.46084070205688477	0.4365125298500061
0.6063284277915955
0.6029456257820129
0.8604804873466492
0.43059372901916504	0.43059372901916504	0.6395919919013977	0.669657289981842	0.6386759877204895	0.6772216558456421	0.6380021572113037	0.629243791103363
0.6377884745597839
0.6544098258018494
0.624255895614624
0.6834169030189514	0.5202706456184387	0.7496654391288757	0.6766391396522522	0.6834169030189514	0.581300675868988	0.5827938318252563	0.581300675868988
0.6127541065216064	0.7309714555740356	0.6758170127868652
0.6786218285560608	0.5968515276908875	0.6516439318656921
0.5068715810775757
0.5258683562278748	0.5190963745117188	0.5047933459281921	0.48345667123794556	0.6160448789596558	0.6068360805511475	0.4902152419090271	0.6221929788589478
0.43913793563842773
0.5745230913162231	0.6313087344169617	0.6555248498916626
0.5463152527809143
0.42932069301605225
0.5066098570823669
0.5708810687065125
0.6302854418754578
0.6520489454269409	0.81874018907547	0.6277862787246704	0.820195734500885	0.7564889788627625	0.7907923460006714	0.9345446825027466	0.7226521372795105
0.576052725315094	0.5101677775382996	0.5961077213287354
0.581565260887146
0.688108503818512	0.7267972826957703	0.688108503818512	0.7789273858070374	0.7032176852226257	0.7906156182289124	0.7538772821426392	0.764963686466217
0.5636025071144104	0.7295960783958435	0.5703290104866028
0.6782581806182861	0.7932960987091064	0.6356677412986755	0.6798437833786011	0.7428361177444458	0.6598061919212341	0.7494683265686035	0.6875889301300049
0.5565577149391174
0.5358598828315735	0.5811602473258972	0.5275101661682129	0.5961408019065857	0.6105043292045593	0.5879575610160828	0.6795592308044434
0.5277575850486755	0.5317079424858093	0.5575818419456482	0.530480682849884
0.7293121218681335
0.46330803632736206	0.42074328660964966
0.5767907500267029	0.7695773839950562	0.6455400586128235	0.5936647653579712	0.6222510933876038
0.7114116549491882
0.5164133310317993	0.5982308387756348	0.6309292316436768
0.5700024962425232
0.4757611155509949
0.7137525677680969	0.772183358669281	0.742038369178772
0.48104989528656006
0.5595859289169312	0.4893583059310913	0.5886590480804443	0.6340152621269226
0.6803516149520874
0.6028934121131897	0.685323178768158	0.542957603931427	0.7305057048797607	0.7710445523262024	0.7337921261787415	0.6955394148826599	0.6903154253959656
0.6394444704055786	0.6616350412368774	0.5511281490325928	0.6244688034057617	0.6471874117851257
0.6329612731933594
0.6233099102973938
0.5340018272399902
0.5887821912765503
0.7678132057189941	0.8190948367118835
0.5528184175491333
0.5544229745864868	0.6709337830543518	0.6948798298835754	0.6744092106819153
0.5120732188224792	0.5297828912734985	0.6014729738235474	0.5925827026367188	0.5662966966629028	0.6395222544670105	0.6956835389137268	0.5407968759536743
0.7230467200279236
0.7608349323272705
0.49063944816589355
0.7126408219337463	0.6934338808059692
0.5081445574760437	0.5075585842132568	0.5860932469367981
0.5311036109924316	0.622346043586731	0.4735914468765259	0.5943877696990967	0.630596935749054	0.61985844373703	0.6440690755844116	0.6174235939979553
0.5563580393791199	0.43424755334854126	0.4419577121734619	0.5782083868980408	0.549150288105011
0.6256787180900574
0.6194700002670288
0.6070387363433838
0.652599036693573	0.6510622501373291	0.6313571929931641	0.6186838150024414	0.6703348755836487
0.6744107604026794
0.7571291923522949	0.7839977145195007	0.8291054368019104	0.7571291923522949
0.5435485243797302
0.5387750864028931
0.8392366170883179	0.6641200184822083	0.7924307584762573	0.7628821134567261	0.7720116376876831	0.8102784752845764	0.7873780131340027	0.8161692023277283
0.5590389370918274
0.6273771524429321	0.6147140860557556	0.5858884453773499	0.5777732133865356	0.6948289275169373	0.6483013033866882	0.68719083070755	0.7099504470825195
0.813937783241272	0.7493729591369629	0.7576770186424255	0.7094791531562805	0.6186464428901672	0.7234278321266174	0.6767467856407166	0.5539749264717102
0.5808107852935791
0.5819214582443237
0.5402761697769165	0.5705365538597107	0.7219078540802002
0.7053753137588501	0.7563281059265137
0.6804406046867371	0.5380479693412781
0.9037052392959595
0.6825112700462341
0.5638406276702881
0.5141057968139648	0.5764115452766418	0.592706024646759	0.5615622401237488	0.5518701076507568	0.652865469455719	0.5792757868766785	0.4705825448036194
0.7519840598106384
0.6131717562675476
0.6179034113883972	0.5857187509536743	0.5955045223236084
0.6041849255561829
0.5009591579437256	0.6453672051429749
0.5979686975479126	0.6280717253684998	0.6371397972106934
0.7477160096168518	0.6288738250732422	0.5857013463973999	0.6619725823402405	0.6587584614753723
0.510479211807251
0.5005547404289246	0.6584291458129883
0.4195670485496521	0.44148778915405273
0.6541141271591187	0.7554173469543457	0.6504781246185303	0.7225156426429749	0.6934128403663635	0.7060681581497192	0.7351125478744507	0.6550197601318359
0.6996709704399109	0.6446386575698853	0.49843764305114746
0.6631829142570496	0.7819956541061401	0.6399571895599365	0.7191174626350403	0.7876949906349182	0.7074452042579651	0.8587895631790161	0.7310336232185364
0.540377140045166
0.5342534780502319	0.5524631142616272	0.6196154356002808	0.5342534780502319	0.5907522439956665	0.694128155708313	0.6828441619873047
0.6427925825119019	0.6812204718589783	0.7034515738487244	0.8229197859764099	0.7486425638198853	0.5949005484580994
0.5374463796615601
0.5826879739761353
0.613320529460907
0.5043095350265503	0.40602385997772217	0.506771981716156	0.46891623735427856	0.4221119284629822
0.44907253980636597
0.5273919105529785	0.5093416571617126	0.5506405830383301
0.4656527042388916	0.4266253113746643
0.5443452596664429	0.6776286363601685	0.7452144026756287	0.6608043909072876	0.7865748405456543	0.6408387422561646
0.5553118586540222
0.7132002115249634	0.6282608509063721
0.6864230036735535	0.6283641457557678
0.5783389210700989	0.5862287878990173
0.5414846539497375
0.5261253118515015
0.7760441899299622
0.668541431427002	0.6435050964355469	0.5381194949150085	0.6772651672363281	0.5719990134239197	0.6347312331199646	0.6581138968467712	0.5522490739822388
0.4724375605583191
0.6257363557815552	0.7078763842582703
0.5919585824012756
0.5027722716331482
0.634499728679657	0.5881078839302063	0.703960120677948	0.6668269038200378	0.7084584832191467
0.5705897808074951
0.7009091973304749	0.7487434148788452	0.7517052292823792	0.6229429244995117	0.6921790838241577	0.7986727952957153	0.7440664768218994	0.8461751937866211
0.5592248439788818	0.4960983395576477	0.7154806852340698
0.6642155647277832
0.5425499677658081
0.7963034510612488	0.6858410835266113	0.7790253758430481
0.5895930528640747
0.6530488133430481
0.5772958993911743	0.5012544989585876	0.550130307674408	0.5088564157485962	0.537908136844635	0.6672457456588745	0.5362800359725952	0.6150514483451843
0.7557380795478821	0.7465575337409973	0.6969908475875854	0.7437232732772827
0.6556134223937988	0.6544291973114014
0.7395716905593872	0.6967543363571167
0.5595055818557739	0.6133850812911987	0.5996946096420288
0.7920036315917969	0.7082516551017761	0.7495629787445068
0.825247585773468	0.6495060324668884	0.6422946453094482	0.7150682806968689	0.7966920137405396	0.7564923763275146	0.6744046807289124	0.6744046807289124
0.5323821902275085	0.5619445443153381
0.5758885145187378
0.6300947070121765
0.557092010974884	0.7093954086303711
0.49610763788223267	0.5171737670898438	0.6525145769119263	0.702231228351593	0.580528736114502	0.6039381623268127	0.5324423909187317	0.702231228351593
0.5632252097129822
0.7935562133789062	0.6221816539764404	0.5435218811035156	0.6834368109703064	0.8201628923416138	0.9013647437095642	0.6327145099639893	0.9003599882125854
0.795396089553833
0.3559340238571167	0.5084331035614014	0.5251036286354065	0.38602519035339355	0.5618579387664795	0.41107887029647827	0.5251736640930176	0.4556957483291626
0.5781069397926331	0.5991246700286865	0.6186649799346924	0.6186023354530334	0.6183164119720459
0.6324597001075745
0.5799070000648499
0.7374946475028992	0.6809987425804138	0.7029349207878113	0.6841264963150024	0.7154479026794434	0.7181075811386108	0.7273412346839905	0.7742759585380554
0.4963335394859314
0.8394133448600769	0.8814976215362549	0.8394133448600769	0.8569352030754089
0.7147940397262573
0.6016276478767395	0.6658055186271667
0.5701481103897095	0.6306751370429993
0.5823655128479004	0.591167688369751	0.654456615447998	0.6473440527915955	0.6268717646598816	0.6353564858436584	0.708406388759613	0.6595434546470642
0.5920031070709229
0.6097555756568909
0.7021492123603821	0.7309712767601013	0.6952769756317139	0.7055066227912903	0.6898359656333923	0.7420679926872253
0.5845691561698914
0.538385272026062
0.4198704957962036
0.49449872970581055
0.5814549326896667
0.5405940413475037
0.5624976754188538	0.5463706851005554	0.6005932092666626
0.47191256284713745	0.619966447353363
0.5724571943283081
0.5569050908088684
0.5609522461891174	0.5066967606544495	0.5814738273620605
0.4731462597846985
0.4866068959236145	0.3799922466278076	0.48599720001220703
0.5558632016181946
0.5876392722129822
0.7570943236351013
0.5932958722114563
0.582966685295105
0.6971699595451355	0.6046159267425537	0.660873532295227	0.6490371823310852	0.6172716617584229	0.6647576093673706	0.6170408129692078	0.6904400587081909
0.40343356132507324
0.6118181943893433	0.6625230312347412
0.5812007188796997	0.6386426091194153	0.6512815356254578	0.6770470142364502
0.606914222240448	0.6765825748443604	0.7559272646903992	0.576178789138794	0.6886358261108398	0.6377434730529785	0.6274741291999817	0.7737298607826233
0.6606239080429077	0.45269954204559326	0.5089128613471985	0.5254507064819336	0.5001720190048218	0.5392887592315674	0.6251973509788513	0.482593834400177
0.693860650062561	0.72585129737854	0.7766088247299194
0.7777649760246277
0.6933629512786865
0.5978438258171082
0.7252417206764221	0.7504298090934753	0.67352294921875	0.7117544412612915	0.7404631972312927	0.5214878916740417	0.7442839741706848	0.7845116853713989
0.5815150737762451	0.6606196761131287	0.7147364020347595	0.7132649421691895	0.6509012579917908	0.6024648547172546
0.5774165987968445	0.608548104763031	0.6753699779510498	0.7666476964950562	0.7619013786315918	0.7496034502983093	0.6990402936935425	0.8759364485740662
0.684655487537384
0.5420047044754028	0.5231750011444092	0.6359023451805115	0.6837196350097656	0.7590396404266357
0.5733726620674133
0.5460999608039856	0.529771089553833	0.5902110934257507	0.6227067112922668	0.593259871006012	0.5243352651596069	0.6181304454803467	0.6039292812347412
0.7578021287918091
0.5990374088287354
0.5901346206665039	0.5901346206665039	0.6945812106132507	0.624764084815979	0.7753759622573853	0.624764084815979	0.6519536375999451	0.6204841732978821
0.7790846824645996	0.7266764044761658
0.6624125242233276
0.47864824533462524
0.6121701598167419	0.6183447241783142
0.6676153540611267	0.7517724633216858	0.6288504004478455	0.6253764629364014	0.6641917824745178	0.5943522453308105	0.6184610724449158	0.6554154753684998
0.6110929250717163
0.6102508306503296
0.5869735479354858
0.5851346254348755
0.6916855573654175	0.5246593356132507	0.6453357338905334	0.7871788740158081	0.6563516855239868	0.7804499864578247	0.7383436560630798	0.7804499864578247
0.5281679630279541	0.5934137105941772	0.5634343028068542	0.633588969707489	0.630212664604187	0.6244630813598633	0.5673666596412659
0.5450267195701599	0.4806070923805237	0.6039348840713501
0.4696626663208008	0.5115575790405273	0.586579442024231	0.589884877204895	0.5499918460845947	0.5725454092025757	0.5593505501747131	0.6441106200218201
0.6149982810020447	0.6044052243232727	0.673728883266449	0.641495943069458	0.6308810114860535	0.7513878345489502	0.6251031160354614	0.6001358032226562
0.5161674618721008
0.541004478931427	0.5257400274276733	0.5151122212409973	0.5618868470191956	0.5734391212463379
0.6007124781608582	0.5598317384719849	0.5402241349220276	0.5402241349220276	0.6984807848930359	0.583699643611908
0.5246260166168213	0.6908879280090332	0.5752766132354736	0.5896236300468445	0.5963599681854248	0.5808295011520386	0.5553730130195618
0.6590134501457214
0.7993648648262024	0.6918400526046753	0.579087495803833
0.4844515323638916	0.659110963344574	0.5414875745773315	0.5150200128555298	0.4989778399467468	0.5496759414672852	0.6273643970489502	0.634932816028595
0.7084437608718872	0.7692863345146179
0.5071855783462524	0.7958204746246338
0.5898557305335999	0.4317936301231384	0.5186207890510559	0.5624216794967651
0.5678467750549316	0.6564555168151855
0.8464910984039307
0.8161773681640625	0.825532853603363	0.6257739663124084	0.6922083497047424	0.7623756527900696	0.6390851140022278
0.5029767751693726	0.5512505173683167	0.6628321409225464	0.527948796749115	0.6037679314613342	0.6099496483802795	0.4990219473838806	0.6446759700775146
0.6137197017669678	0.597642183303833	0.7468777894973755
0.5707212686538696
0.6915309429168701	0.656690776348114	0.6589064598083496	0.7199684381484985	0.6074756383895874	0.6597267389297485	0.6695345044136047	0.706445574760437
0.6518869996070862	0.6518869996070862	0.6518869996070862	0.5886806845664978	0.7271869778633118	0.6499597430229187	0.7271869778633118	0.6505315899848938
0.5815818905830383
0.6418341994285583
0.7852336764335632
0.6530799269676208	0.5353233814239502	0.6589367985725403	0.7116195559501648	0.5842283964157104	0.6666942238807678	0.6163812279701233	0.6108425259590149
0.5738294124603271	0.47194188833236694	0.5437665581703186	0.7837657332420349	0.5113525986671448	0.551953136920929	0.4672701358795166
0.43888115882873535	0.4334527850151062
0.5825134515762329	0.6722668409347534
0.5195682644844055	0.5547903776168823
0.4692952632904053	0.4837590456008911
0.5990313291549683
0.5574607849121094	0.6931800842285156
0.605842649936676
0.46938031911849976	0.6161422729492188
0.679499089717865
0.7600369453430176	0.752617597579956	0.6817981600761414
0.6283384561538696
0.8037329316139221	0.7357703447341919
0.7033897042274475	0.5484651327133179	0.4516112208366394	0.7148491144180298	0.8465833067893982	0.5175240635871887	0.653476893901825	0.6402725577354431
0.7597870230674744	0.7179197669029236	0.6535642147064209
0.7933796048164368	0.7228993773460388
0.688396692276001
0.5207955241203308
0.7286345362663269	0.573512613773346	0.7270188927650452	0.6545325517654419	0.6601729989051819	0.7245551347732544	0.7443028092384338	0.759574830532074
0.49049317836761475
0.5205375552177429	0.48648446798324585	0.48223763704299927	0.5390310287475586	0.5933553576469421	0.6340437531471252	0.6600136756896973	0.6118039488792419
0.6589088439941406
0.5715727210044861
0.7770838141441345
0.41095054149627686	0.46406131982803345	0.6129635572433472	0.5968114137649536	0.6060739755630493	0.6721015572547913
0.6048099398612976
0.8438824415206909	0.8438824415206909	0.7532423734664917	0.8438824415206909	0.6982735395431519
0.7031165361404419
0.5461080074310303	0.5851016044616699
0.6631109118461609	0.642691433429718
0.6258626580238342
0.4903794527053833	0.4507412314414978	0.5257918238639832	0.49891895055770874	0.5266890525817871
0.5833470821380615
0.6338991522789001	0.6350549459457397	0.5506819486618042	0.7049311995506287
0.6016061305999756
0.6107178330421448	0.5705728530883789	0.5926249623298645	0.5310247540473938	0.5285058617591858	0.5458155274391174	0.59865403175354	0.5712825655937195
0.7033787369728088	0.641303300857544	0.674700140953064	0.6774165034294128	0.6220961213111877
0.47540855407714844
0.6129357218742371	0.6672440767288208	0.6694103479385376
0.6052556037902832	0.5831233263015747
0.6779504418373108	0.7799449563026428	0.7799449563026428	0.6779504418373108
0.5585731863975525
0.6166461110115051
0.6044662594795227	0.6488794088363647	0.6195478439331055	0.6572360396385193	0.7178071141242981	0.6723752617835999	0.722244381904602
0.523612380027771	0.726331889629364	0.572817325592041	0.4749273657798767	0.46064507961273193	0.45861876010894775	0.5332141518592834	0.6030656099319458
0.6924989819526672	0.744576632976532	0.762534499168396	0.6416246294975281	0.700255811214447
0.6818802952766418	0.7878196239471436	0.7748807072639465	0.8215546011924744	0.7748807072639465	0.8209289908409119	0.7748807072639465
0.6091254353523254	0.6597240567207336	0.6091254353523254	0.6983445882797241	0.5935062766075134	0.7384501099586487	0.7384501099586487	0.7235519886016846
0.6342347264289856
0.46674132347106934
0.5624269247055054
0.5058095455169678	0.5105053782463074	0.4763835072517395	0.48865050077438354	0.6091504096984863	0.47163063287734985	0.7259663939476013	0.7052651643753052
0.6666442155838013
0.5300080180168152
0.4374420642852783	0.44960474967956543
0.713276743888855	0.713276743888855	0.6916684508323669	0.6860320568084717	0.6017730236053467	0.6916684508323669
0.5859987139701843	0.6479583978652954	0.5859987139701843	0.7185157537460327	0.6551963686943054	0.6551963686943054	0.6479583978652954	0.7185157537460327
0.6209518313407898	0.6574091911315918	0.5863257050514221	0.6426476240158081	0.7256595492362976	0.6393104791641235
0.7002460956573486	0.7546760439872742	0.7546760439872742	0.7368767857551575	0.8040392994880676	0.7121638655662537
0.6696346402168274	0.5586658120155334
0.5805754661560059	0.4274705648422241
0.7640637159347534	0.6660534739494324	0.6866000890731812	0.6811462640762329	0.5910037755966187	0.6288414597511292	0.5975490212440491
0.6205617189407349	0.6257869601249695	0.6184830665588379	0.5626455545425415	0.6819876432418823	0.747711718082428	0.7709859609603882	0.8075892925262451
0.471957802772522	0.46326977014541626	0.49097031354904175	0.46090173721313477	0.513299822807312	0.48807787895202637	0.5249757766723633	0.47874701023101807
0.6524450778961182
0.46700525283813477
0.7483705878257751	0.7483705878257751	0.729711651802063	0.7355545163154602	0.7292580604553223
0.7244568467140198	0.6296352744102478	0.5976765751838684	0.6039312481880188	0.6641502976417542	0.7093734741210938	0.7331425547599792	0.7152156233787537
0.4705074429512024	0.4462570548057556	0.4678172469139099	0.4835090637207031	0.6436892747879028
0.65963214635849
0.5596687197685242	0.5005195736885071	0.5000879168510437	0.7202934622764587
0.7746081352233887	0.7612150311470032	0.7721412181854248
0.48438870906829834
0.5587885975837708	0.43605345487594604	0.5672540068626404	0.5498175024986267	0.6338295936584473
0.6666386723518372
0.44768625497817993
0.6595526337623596	0.5771041512489319
0.4219965934753418
0.5824980139732361
0.4717961549758911
0.6036521196365356	0.7763844728469849	0.729806661605835	0.7333340048789978	0.7213945388793945	0.6953030228614807
0.532905638217926	0.6293595433235168	0.6297335624694824	0.660645604133606	0.6167789101600647	0.7632644176483154	0.8244650363922119	0.7655658721923828
0.6771053075790405
0.4681030511856079	0.62846440076828	0.5431410670280457	0.5404723882675171	0.6437605619430542	0.6775333881378174	0.5392345190048218	0.604448139667511
0.5510144829750061	0.5887368321418762
0.6891936659812927	0.7023257613182068	0.5812764763832092	0.7031375169754028	0.6997868418693542	0.6793196797370911	0.8286661505699158	0.739845871925354
0.6802341938018799
0.43826812505722046	0.531667947769165
0.5112144351005554
0.5621264576911926
0.7008661031723022	0.5852136611938477	0.7016118168830872	0.720098614692688	0.6186607480049133	0.6679064035415649	0.6895215511322021	0.570311427116394
0.5843188762664795	0.5077691078186035	0.5613701343536377	0.5619948506355286	0.5770525336265564	0.7076168060302734	0.7115582823753357	0.5972186923027039
0.5482614636421204	0.6793975234031677	0.618398129940033	0.6859639286994934
0.7222467660903931
0.6965373158454895
0.6681942343711853	0.7413537502288818	0.6841382384300232
0.7490538954734802	0.7153983116149902	0.6859534382820129	0.6490309834480286	0.7193165421485901	0.7532686591148376
0.7287091612815857	0.8304497003555298	0.8567532896995544	0.9362298250198364	0.7594170570373535	0.7527803182601929	0.8836995959281921	0.8377546072006226
0.717420756816864	0.6133320331573486
0.6605760455131531
0.49278736114501953
0.7464812994003296	0.6182003021240234
0.5397332906723022
0.5388858318328857	0.5114766955375671	0.5068682432174683	0.5114766955375671	0.625295877456665	0.4958963990211487	0.5068682432174683	0.5910532474517822
0.51958829164505	0.5136194825172424
0.628334105014801	0.6422784924507141
0.5228135585784912
0.6148418188095093	0.6462963819503784	0.7120175361633301
0.6986255645751953
0.4762902855873108
0.7114320993423462	0.7244908213615417	0.6787208914756775	0.6787208914756775	0.6999883651733398	0.6585678458213806	0.6787208914756775	0.7298564910888672
0.7720510959625244	0.5991594195365906	0.6450533866882324	0.6181764006614685	0.8067169189453125	0.7116899490356445	0.8986523151397705	0.6729348301887512
0.49871325492858887	0.5947802662849426
0.4471530318260193
0.8672717213630676	0.8794222474098206	0.7781010866165161	0.815635621547699	0.8284929394721985	0.9015015959739685	0.7851203083992004	0.8417402505874634
0.725246012210846	0.5691254138946533	0.6779996752738953	0.5528456568717957	0.6153493523597717	0.5727463960647583
0.5896275639533997	0.5814343690872192
0.5681400895118713	0.5566482543945312	0.47179317474365234	0.5690010786056519
0.5479195713996887
0.6191298961639404
0.6309990882873535	0.5611163973808289
0.5050908923149109
0.7382890582084656	0.819424569606781	0.7880311608314514
0.6532289981842041	0.606572151184082
0.5251943469047546	0.49616479873657227	0.6805076003074646	0.5269637107849121	0.5622459053993225	0.5942063927650452	0.6238921284675598	0.6966162919998169
0.6044830679893494	0.5855467915534973	0.6477360129356384	0.8372713923454285	0.6516023278236389	0.7523300647735596	0.7325595617294312
0.5890606045722961
0.7031715512275696	0.6870876550674438	0.7379244565963745	0.6785985827445984	0.8675042986869812	0.7810484766960144	0.7435891628265381	0.8675042986869812
0.6252409219741821
0.6157166957855225	0.6158255338668823
0.5947548747062683	0.7310075163841248
0.49013662338256836	0.45004481077194214
0.5091272592544556	0.4955217242240906	0.5091272592544556	0.5623266100883484	0.5487629771232605	0.47321611642837524
0.7679612040519714	0.7867713570594788	0.8163907527923584	0.7462196350097656
0.5741562247276306
0.7986944913864136	0.7696658372879028	0.7986944913864136	0.7696658372879028	0.6950052976608276	0.7696658372879028	0.7696658372879028	0.7309895753860474
0.5478649139404297	0.6358872056007385
0.6134678721427917	0.5465480089187622	0.6468743681907654	0.6440050005912781	0.7088708877563477	0.5343981981277466
0.5800794959068298
0.8451203107833862	0.8310579657554626	0.8310579657554626	0.736924946308136	0.7879409193992615
0.6385427713394165	0.6456440687179565	0.5942227840423584
0.34344983100891113
0.6943986415863037	0.7048746943473816	0.6621068120002747
0.545921266078949	0.49943870306015015	0.6274396777153015	0.6553964614868164	0.6086341142654419	0.571719229221344	0.5996814966201782	0.6257067918777466
0.7352958917617798	0.7620880007743835	0.7881786227226257	0.7089625597000122	0.696006715297699
0.5721346139907837
0.5451266765594482	0.41104477643966675	0.5626438856124878	0.45846128463745117	0.4698503017425537	0.5018222332000732	0.5579103231430054	0.5622127056121826
0.6376233100891113	0.5941619277000427	0.5348179936408997	0.5958356261253357
0.655459463596344	0.624800980091095
0.639836311340332	0.6148350834846497	0.7662097811698914	0.7514345049858093	0.6772530674934387
0.5762377977371216
0.5464190244674683
0.5669040083885193	0.4571188688278198	0.5339673757553101	0.5384891629219055	0.5148301124572754	0.4787505269050598	0.6348172426223755	0.4359358549118042
0.6660832762718201	0.6385051608085632	0.7418616414070129	0.6991193890571594	0.618126392364502	0.689106285572052	0.6870704293251038	0.667854368686676
0.7248143553733826	0.7344228029251099
0.6179327368736267	0.7537844181060791	0.7362273335456848	0.6251863837242126	0.6607267260551453	0.7149518132209778	0.7658271193504333	0.5602356195449829
0.4439544677734375
0.5197592973709106
0.5905054807662964	0.6385696530342102	0.5361844301223755	0.6038998365402222	0.595439076423645	0.6759451031684875	0.5787815451622009	0.594283401966095
0.5163676738739014
0.74275803565979	0.5896086096763611	0.6361262202262878
0.536368727684021
0.5704278945922852
0.7228050827980042	0.708134114742279	0.6673821210861206	0.5795074105262756	0.8383729457855225	0.7475795745849609	0.8440057635307312	0.781631588935852
0.6574791073799133	0.587935745716095	0.6052839159965515	0.6570455431938171	0.6018292307853699	0.7239357829093933	0.5942080616950989	0.6727590560913086
0.5120954513549805
0.6800708174705505
0.5363192558288574	0.6494123339653015
0.7157599925994873	0.6508729457855225
0.5257526636123657
0.677163302898407
0.6710923910140991
0.7035995721817017
0.5465430617332458
0.864425539970398	0.7952161431312561
0.5794574022293091	0.6149670481681824	0.638386070728302	0.7140623927116394
0.9035623669624329	0.8072580695152283	0.935318112373352
0.6087385416030884	0.5949013233184814
0.43655407428741455
0.5074678659439087	0.44856196641921997	0.5053102970123291	0.49997037649154663	0.5789936780929565	0.5435850620269775	0.49865251779556274	0.5358186364173889
0.7495335340499878	0.8412758111953735	0.932720422744751	0.6908965110778809	0.7407103776931763	0.8786406517028809	0.7374635934829712	0.8709561228752136
0.466772198677063
0.4198550581932068	0.5348543524742126
0.4340938925743103
0.5935702919960022	0.4482835531234741	0.5108170509338379	0.589714765548706	0.6178136467933655	0.5082848072052002	0.5643814206123352	0.525076150894165
0.7857732772827148	0.7959681749343872
0.7638026475906372	0.8168032169342041	0.7926091551780701	0.807293176651001	0.7687798142433167	0.7992328405380249	0.8030318021774292	0.8711836934089661
0.5452772974967957	0.7197564244270325	0.5713667869567871
0.7292415499687195	0.7292415499687195	0.7422724366188049	0.8259580135345459	0.7826454639434814	0.8688579201698303	0.9334993958473206	0.905744731426239
0.6895177364349365	0.5562850832939148
0.5555547475814819	0.6464326977729797	0.6747929453849792	0.5651820302009583	0.6525425314903259	0.6564390063285828	0.5860757827758789
0.6571251153945923	0.6468625664710999	0.483013391494751
0.5958293676376343
0.7112189531326294
0.6441625952720642
0.7726500034332275
0.5488227009773254	0.4958934783935547
0.658671498298645	0.7222263216972351	0.7924888134002686
0.4989015460014343
0.5166753530502319	0.5946588516235352	0.5772474408149719	0.6520599126815796	0.5307967662811279	0.6113044619560242	0.5282740592956543	0.46034151315689087
0.7667548060417175	0.7507080435752869	0.8145257830619812	0.8055115938186646	0.746508777141571	0.7053447365760803	0.7605115175247192	0.8190152645111084
0.4592834711074829
0.6444252133369446
0.6838104724884033
0.48245906829833984
0.5368914604187012	0.4959016442298889	0.5550590753555298	0.6136254072189331
0.7093164920806885
0.4714643359184265	0.6185001134872437
0.6041855812072754	0.601672351360321	0.5764464139938354	0.6470231413841248	0.6899834275245667	0.6863679885864258	0.6899834275245667	0.6323060393333435
0.7065859436988831
0.7766452431678772	0.5344454646110535	0.6325789093971252	0.5112249255180359	0.5557451844215393	0.7882437109947205	0.576013445854187	0.6729369163513184
0.463528037071228
0.5923700928688049	0.47408944368362427	0.5243501663208008	0.46337825059890747
0.7556481957435608	0.6939007639884949
0.5803518295288086
0.486198365688324
0.5655094981193542	0.503515362739563
0.5626266002655029	0.6028985381126404	0.6127879023551941	0.6498810648918152	0.5301956534385681	0.6506774425506592
0.6303612589836121	0.576959490776062	0.6018005013465881	0.5656236410140991	0.6099300980567932	0.603145182132721	0.8277040719985962
0.5898727178573608
0.5795425772666931
0.6270338892936707	0.6660305857658386	0.6343610286712646	0.5977227687835693	0.5945935845375061	0.5764363408088684
0.4048052430152893
0.8315757513046265	0.5759857296943665	0.7292671799659729	0.6302353143692017	0.8024482727050781	0.7292671799659729	0.7292671799659729	0.8120866417884827
0.7086719274520874	0.7219884991645813
0.49658775329589844
0.8649073243141174	0.8279620409011841	0.826453685760498	0.6450899839401245	0.6581454277038574	0.8279620409011841	0.7313822507858276	0.6701338291168213
0.8619320392608643
0.5560787916183472
0.6556001901626587	0.5177150368690491	0.5763775706291199	0.6534940600395203
0.5397202372550964
0.5162060856819153
0.5667661428451538
0.4906952977180481	0.615114152431488	0.5276442766189575	0.5538698434829712	0.6117287278175354	0.5160229206085205	0.705668568611145	0.5808667540550232
0.49973517656326294
0.5107117891311646	0.6030845642089844
0.5149813890457153	0.44227802753448486
0.6457406878471375
0.5476047396659851	0.5838463306427002	0.5678834915161133	0.7084507346153259	0.5840443968772888	0.4735736846923828	0.6587619781494141	0.6063736081123352
0.44862180948257446
0.7094071507453918	0.6924461722373962	0.7067986130714417	0.6975611448287964	0.6924461722373962	0.6949253082275391
0.5314397215843201	0.54909348487854	0.5917375087738037	0.5059070587158203	0.553328275680542	0.5573042035102844	0.5395879745483398
0.6263967156410217	0.7919254899024963
0.5205280184745789
0.5531899929046631
0.6059260964393616	0.5411385893821716	0.6339665055274963	0.5411385893821716	0.6317874789237976	0.6045302748680115	0.6317874789237976	0.6045302748680115
0.56216961145401
0.4955955147743225	0.5072034597396851
0.5357938408851624
0.6449182629585266	0.5820894241333008	0.6982371807098389	0.5590524077415466	0.5809826254844666	0.6022758483886719	0.7062221169471741	0.7396352887153625
0.5946143865585327
0.6913467645645142
0.5389478206634521
0.6058739423751831	0.442593514919281	0.5300330519676208	0.5769297480583191	0.7064666748046875	0.5715001821517944
0.5082395672798157
0.5617285370826721
0.6216724514961243	0.5811328291893005	0.7119303941726685	0.6160523891448975	0.6465002298355103	0.5961667895317078	0.5916436910629272	0.7470657229423523
0.48562777042388916	0.7026486396789551
0.6430888772010803	0.6278265714645386	0.6091936826705933
0.47881847620010376
0.7493618726730347	0.6917974352836609	0.6559815406799316	0.7817927598953247	0.7132532000541687
0.46530795097351074
0.5871398448944092	0.7609835863113403	0.7073900103569031	0.72661954164505	0.7073900103569031
0.8554234504699707	0.8506525158882141	0.7251066565513611
0.6507567167282104
0.6527451872825623	0.6268354654312134	0.6300479769706726	0.5399782061576843	0.5901669263839722	0.6234703660011292	0.5094780325889587	0.6000224351882935
0.5259038805961609
0.4990438222885132
0.6336580514907837	0.6094844341278076	0.5949734449386597	0.5221928358078003
0.5495180487632751
0.7473292350769043	0.6403530240058899	0.5248130559921265	0.6287731528282166	0.7138931751251221
0.6678525805473328	0.6562218070030212	0.6077322363853455
0.5197247862815857	0.553193211555481
0.5842058658599854	0.5631740093231201	0.5883336067199707
0.8305833339691162	0.6265262961387634	0.5616984367370605
0.5146210193634033	0.4863143563270569
0.7817307114601135	0.7441570162773132	0.7559811472892761	0.742016613483429	0.647631049156189	0.7998878955841064	0.720575749874115	0.8262733221054077
0.6246883869171143
0.5558853149414062
0.8082676529884338	0.7535463571548462
0.7485893964767456	0.6734240651130676
0.8003475069999695
0.536459743976593	0.6103271245956421	0.6066697239875793	0.7522884011268616
0.6172917485237122	0.7887730002403259	0.7404094338417053	0.6992207765579224
0.6438546776771545	0.6438546776771545	0.6438546776771545	0.6438546776771545	0.7429643869400024	0.6575763821601868	0.6575763821601868	0.7654381394386292
0.6288285255432129	0.68677818775177
0.6633754372596741
0.7530517578125
0.7052140831947327	0.7479674816131592	0.6058112978935242
0.5589451789855957
0.5938758850097656
0.4885491132736206
0.7576746940612793
0.6301087141036987	0.6389926075935364
0.36017972230911255
0.5910364985466003	0.8375617265701294	0.5985269546508789	0.7374112010002136	0.6504942178726196	0.5991177558898926	0.7893210053443909	0.5833960771560669
0.5984916687011719	0.625049889087677
0.5521932244300842	0.6023619771003723	0.6156998872756958	0.6340512037277222	0.5842913389205933	0.6100605130195618	0.7439103722572327	0.5996941924095154
0.5838778018951416
0.6509893536567688	0.5698772072792053
0.5918402671813965
0.40543752908706665
0.5771602392196655
0.6140641570091248
0.6536581516265869
0.4305277466773987
0.4772602915763855
0.4629601836204529	0.46930259466171265	0.5730885863304138	0.4438818693161011
0.5759741067886353
0.7677138447761536	0.6213374137878418
0.6622288227081299
0.5539452433586121
0.41064655780792236	0.47057461738586426
0.6401606202125549	0.7236700057983398	0.7279908061027527
0.7020759582519531	0.6086266040802002	0.7516623735427856	0.6951383352279663	0.6674473285675049	0.7751822471618652	0.8079938292503357	0.6446570158004761
0.5371500849723816	0.5792911648750305
0.7729461193084717	0.8126167058944702
0.6706494092941284
0.5894284248352051	0.5786797404289246	0.5300127267837524	0.5138871073722839	0.5686473846435547	0.5888420343399048	0.6421418190002441
0.5401772856712341
0.46022623777389526
0.6387986540794373
0.681145191192627
0.663458526134491
0.5535939931869507
0.7081161141395569	0.8018419146537781	0.6197841763496399	0.6728845238685608	0.7497291564941406	0.6637623906135559	0.6851063370704651	0.7042964100837708
0.6193782091140747
0.5827933549880981
0.5402779579162598	0.6339801549911499
0.7367459535598755	0.7716435194015503
0.6413933038711548	0.5412343144416809	0.6678420901298523
0.6337145566940308	0.6337145566940308	0.6337145566940308	0.733440637588501	0.733440637588501	0.733440637588501	0.8210612535476685	0.731290876865387
0.5468288660049438	0.5437861680984497	0.6665790677070618	0.5793539881706238	0.5786507725715637	0.607427179813385	0.7042779922485352	0.5437861680984497
0.5638110041618347
0.3641590476036072	0.42387229204177856	0.6015835404396057
0.7334719300270081
0.6586509943008423	0.8071972727775574	0.6908832788467407	0.6217098236083984	0.790282130241394	0.7775329351425171	0.6748258471488953	0.9020816683769226
0.5298537015914917
0.5526847243309021
0.6180748343467712	0.5840570330619812	0.6211408376693726	0.7293286919593811	0.6471904516220093	0.5503005385398865	0.6085914373397827
0.47741615772247314	0.4603790044784546
0.49642693996429443	0.4988058805465698	0.5972169041633606	0.5741546154022217	0.5983558297157288	0.5545900464057922	0.6488419771194458	0.6305966377258301
0.7591155171394348
0.8285616040229797	0.6801561117172241	0.7677468657493591	0.764165461063385	0.7677468657493591
0.4466286301612854
0.4871119260787964
0.6755746603012085	0.6800161600112915	0.6912873983383179
0.5126847624778748
0.6159948706626892	0.6186423897743225	0.6369274258613586	0.5727112293243408	0.691651463508606	0.5351465344429016	0.6151764988899231	0.6557437181472778
0.5961411595344543	0.5289318561553955
0.5985991954803467
0.5837804079055786
0.5972253084182739	0.6557145118713379	0.6081976890563965
0.4677501916885376
0.7367766499519348
0.6188612580299377	0.6378971934318542	0.5686771869659424
0.5290603041648865
0.6628210544586182	0.6939348578453064	0.5431985259056091	0.6339587569236755	0.5681782960891724	0.6686278581619263	0.6513826847076416
0.6035022139549255	0.5025804042816162	0.6814868450164795
0.6338221430778503	0.7327598929405212	0.7423471808433533	0.718545138835907	0.752643883228302
0.5829041600227356
0.6339214444160461
0.6713846325874329	0.6854164004325867
0.547169029712677	0.49228978157043457	0.5302929282188416
0.6978421211242676
0.44099903106689453
0.6719707250595093	0.5258786678314209	0.6714989542961121	0.6713025569915771
0.5485395193099976	0.5403377413749695
0.5844968557357788
0.5846976041793823	0.6527851223945618	0.6912926435470581	0.6758567690849304	0.6770201325416565	0.5690419673919678	0.6758567690849304	0.5953966975212097
0.5128523707389832	0.6741279363632202	0.6099642515182495
0.5886117815971375
0.6597084999084473	0.6999987363815308	0.6584293842315674	0.6562231183052063	0.6621739268302917	0.7268013954162598	0.7332964539527893	0.6949888467788696
0.550244927406311	0.5609018206596375
0.693816602230072	0.7568152546882629
0.6265517473220825	0.6245838403701782	0.5547826886177063	0.6811686754226685	0.664395809173584
0.6713136434555054	0.6787809729576111
0.7302285432815552
0.4410274028778076	0.46625596284866333	0.44210660457611084
0.7694171667098999	0.6205989122390747	0.7396823763847351	0.6618561148643494	0.7105069160461426	0.6344083547592163	0.6319541931152344	0.6487684845924377
0.4787435531616211
0.7595316767692566	0.8384984135627747
0.7140063047409058	0.7800357937812805	0.6477439999580383	0.8156465888023376	0.7879323363304138	0.7010458707809448	0.7415387630462646	0.7704002261161804
0.7646793127059937
0.4659727215766907	0.4607018232345581	0.579667866230011	0.5439653992652893	0.5619934797286987
0.5773844718933105
0.6574783325195312
0.6159219741821289
0.7097336649894714	0.6723554730415344	0.6918501257896423
0.5898404121398926
0.6244736909866333	0.5602847933769226	0.5086398720741272	0.6247755289077759	0.5332208275794983	0.6463054418563843	0.6028062701225281	0.5246367454528809
0.5839502811431885
0.5974304676055908
0.6850643754005432
0.6464893817901611	0.5700100660324097	0.5757816433906555	0.6629706025123596	0.491776704788208
0.6239567399024963	0.5784451365470886	0.6566250324249268	0.62704998254776	0.6500453948974609	0.7070544958114624	0.631274402141571	0.7922970056533813
0.6557711958885193
0.7318831086158752
0.5469739437103271	0.46820712089538574
0.4800557494163513
0.674363911151886
0.7746099233627319	0.7721090316772461	0.8274866342544556	0.6301825046539307
0.5931965112686157
0.6187072396278381	0.6889209747314453
0.5119055509567261
0.5863747596740723	0.687413215637207	0.5001766085624695	0.45105481147766113	0.4853018522262573
0.616776704788208	0.7535587549209595	0.6832947731018066	0.6697259545326233	0.6483003497123718	0.7825950384140015	0.6235646605491638
0.5730012655258179
0.5542678236961365	0.5283341407775879	0.6285145878791809	0.5880721211433411	0.6302757859230042	0.5993468165397644	0.637036144733429	0.5419149398803711
0.5400120615959167
0.47874993085861206
0.6475068926811218
0.7494427561759949
0.6211069822311401	0.6933531165122986	0.6695387363433838	0.70030277967453	0.6601511240005493	0.7671799063682556	0.6487308144569397	0.775909423828125
0.6425461769104004	0.7869726419448853	0.6983542442321777	0.6894277334213257	0.7110048532485962	0.7377462983131409	0.741445779800415	0.7006084322929382
0.49512022733688354	0.47688573598861694
0.453941285610199	0.5526059865951538	0.5718920826911926
0.624534010887146	0.5058076977729797	0.5519784688949585
0.46758776903152466
0.3576779365539551
0.6633592247962952	0.7218336462974548
0.5830549001693726
0.5257133841514587
0.7702639698982239	0.659118115901947	0.6911300420761108	0.7583138942718506	0.7358961701393127	0.7157222628593445	0.6630824208259583	0.7751839756965637
0.8183615207672119	0.7158119082450867	0.652880072593689	0.7258672714233398
0.3666709065437317	0.41012728214263916	0.4533076286315918	0.4979257583618164	0.49448251724243164	0.47390174865722656	0.4607231020927429	0.4678804278373718
0.5045138597488403	0.4577065110206604	0.48141223192214966	0.5520555377006531	0.5176011919975281	0.5598853826522827	0.5397819876670837	0.49925631284713745
0.5636312961578369
0.47575509548187256	0.6389035582542419	0.6837072372436523	0.7902931571006775	0.6255795955657959	0.8191154599189758	0.8329420685768127	0.7890304923057556
0.44409990310668945
0.5134164094924927
0.5286185145378113
0.6569592356681824	0.6074543595314026
0.6888232231140137
0.6668297648429871	0.8349613547325134	0.6137083172798157	0.696632981300354	0.7496439218521118	0.7146587371826172	0.789393961429596	0.7146587371826172
0.6203890442848206
0.5902984738349915
0.6800143122673035	0.6820918917655945	0.49446535110473633	0.6866738200187683
0.4094843864440918
0.5007755756378174
0.7862016558647156	0.7862016558647156	0.6837335228919983	0.7057874202728271	0.7862016558647156	0.7057874202728271	0.7862016558647156	0.6837335228919983
0.584050178527832	0.6114949584007263	0.5939841866493225	0.5598942041397095
0.4948907494544983
0.5894464254379272
0.650433361530304	0.5648769736289978	0.6360344290733337
0.7340613007545471
0.6067188382148743	0.5335496068000793	0.5814195871353149	0.5726379752159119
0.8322384357452393	0.7697618007659912	0.6419376134872437	0.6530345678329468	0.7428503632545471	0.7508447170257568	0.7905077934265137	0.7814598679542542
0.5958276391029358	0.542716920375824
0.5733420252799988	0.5497755408287048	0.5973795652389526	0.5721940994262695	0.4933791160583496	0.6449592113494873	0.5706227421760559	0.5317760109901428
0.5082187056541443	0.5264356732368469
0.630041241645813	0.5928918719291687	0.6615272760391235	0.5397700667381287	0.6055334210395813	0.6129794716835022	0.6746577024459839	0.6459349989891052
0.7856497168540955	0.7648540735244751
0.6591413617134094	0.7547029256820679
0.6514986753463745
0.607258677482605
0.6292970180511475	0.6622298955917358	0.6356738209724426	0.6321943402290344	0.6192861795425415	0.6413105130195618	0.5463176369667053	0.7120049595832825
0.570250391960144	0.657492458820343
0.6155805587768555
0.5885306000709534
0.5583157539367676	0.7285650968551636	0.7144505381584167	0.7298573851585388
0.6006997227668762
0.6295046210289001
0.4717305302619934
0.6045539975166321	0.6180214881896973	0.542390763759613	0.6456930637359619
0.6322693824768066
0.6639658808708191
0.564474880695343
0.675473690032959
0.48376256227493286
0.551513135433197
0.6263687610626221	0.5935226678848267	0.6080172061920166	0.5804111957550049	0.6555069088935852	0.6332381963729858	0.635791540145874	0.6787213683128357
0.6846874952316284	0.629795491695404	0.6677170991897583
0.3930979371070862	0.461184561252594
0.6940746307373047	0.7724607586860657	0.7649653553962708	0.7649653553962708	0.7698444128036499
0.5938283801078796
0.6132630705833435	0.6048187017440796
0.6523466110229492
0.5447750091552734
0.346682608127594	0.5627776980400085
0.7525907754898071	0.7525907754898071	0.7486253380775452	0.7098242044448853	0.7413226962089539	0.7413226962089539	0.7506237626075745	0.7341190576553345
0.5983068346977234	0.5720791816711426	0.5825401544570923
0.7003180980682373
0.6377513408660889	0.5699127912521362	0.5984671115875244	0.6011970639228821	0.5844391584396362	0.6894330978393555
0.7014394998550415	0.7175049781799316	0.7352064847946167	0.4763169288635254	0.5858384966850281
0.6444573998451233
0.6371463537216187
0.6251877546310425	0.6475289463996887	0.5681182146072388
0.44038116931915283
0.48328304290771484
0.5569266676902771
0.8686095476150513	0.7768574953079224	0.7768574953079224	0.7768574953079224
0.5003705620765686	0.4984542727470398
0.39397281408309937	0.5773841738700867
0.5698104500770569	0.5367437601089478	0.4672811031341553	0.47236162424087524
0.6740372180938721	0.7246342301368713	0.5520023107528687	0.5441887974739075
0.5815374851226807	0.5847262740135193	0.5294694900512695	0.5185259580612183	0.5343590378761292	0.4599637985229492	0.5587720274925232
0.5992366075515747
0.6224498152732849	0.7563111186027527	0.7508248090744019	0.7563111186027527	0.8027312159538269
0.6264298558235168	0.6156256794929504	0.5818390250205994	0.5598554015159607	0.5844846963882446	0.5960289239883423	0.6257186532020569	0.580824077129364
0.6105740666389465	0.6740961670875549	0.7823227643966675	0.6781359314918518	0.7502288222312927	0.6964071393013	0.6958455443382263	0.6179586052894592
0.5184007883071899	0.5740553736686707
0.6186765432357788	0.7916905283927917	0.7411255836486816	0.7390701770782471
0.6460461020469666
0.5059606432914734	0.5440769791603088
0.6129018664360046
0.6427140235900879	0.6382426619529724	0.5870476365089417
0.5590230822563171	0.6719087958335876
0.6489622592926025
0.5950943827629089	0.6495797038078308	0.6670291423797607	0.6152295470237732	0.5839447975158691	0.6833714246749878	0.7338394522666931	0.6125821471214294
0.5523916482925415	0.605616569519043
0.6427184343338013	0.7347124814987183	0.6613776683807373	0.7196048498153687	0.7396978139877319	0.6638270616531372	0.7207337617874146	0.7207337617874146
0.6837843656539917	0.696871280670166	0.6556282043457031	0.5974985957145691	0.6203321814537048	0.7675797939300537	0.6986173391342163	0.6858922839164734
0.6972684860229492	0.7244855165481567	0.5395216941833496	0.7389439344406128	0.6812175512313843
0.6895957589149475
0.7596026659011841
0.48192816972732544
0.38575029373168945
0.7054136991500854
0.649989128112793
0.7210277915000916	0.7888810634613037	0.6380456686019897	0.5395246744155884	0.6477596759796143	0.6124846935272217	0.537172794342041
0.69162517786026	0.620872437953949	0.701777994632721	0.659060537815094	0.6499016880989075
0.6664952635765076
0.6452743411064148
0.5848689079284668	0.4662553668022156	0.5667742490768433	0.5013973116874695	0.4895537495613098	0.5055923461914062	0.6280551552772522	0.5682929754257202
0.5112051963806152
0.794257640838623	0.751860499382019	0.7695237994194031	0.8367021679878235	0.6434366703033447	0.8118631839752197	0.7202047109603882	0.7618302702903748
0.7332673668861389	0.8785291910171509	0.7019035220146179	0.7658558487892151
0.7288694977760315
0.6046421527862549	0.6446148157119751	0.6047133803367615
0.6450983285903931	0.46925753355026245	0.5328602194786072
0.6395074129104614	0.5546024441719055
0.47057873010635376	0.48804551362991333	0.48949360847473145	0.5692726969718933	0.5733888745307922	0.5154808163642883	0.589821994304657	0.5792524218559265
0.67110675573349	0.5763664841651917	0.6647016406059265	0.6386886239051819	0.7407820224761963	0.5724743604660034	0.6158950924873352	0.6051021814346313
0.5223895311355591	0.4734494686126709	0.4437594413757324	0.4424149990081787	0.5992068648338318	0.7045249342918396
0.6926542520523071
0.6096120476722717
0.6176681518554688	0.5997359156608582	0.7065836191177368
